3846
456
7693
4794
4915
3512
8502
123
456
9768
4198
5518
3893
4839
3048
5057
456
1078
1576
3307
456
2947
3717
456
5187
123
106
123
3108
2717
8156
7859
123
7943
6044
3563
105
102
107
456
5029
1060
456
1319
6401
5411
3342
4869
7674
456
110
9546
2466
5675
107
456
3240
3728
3701
9735
1716
1499
7791
6798
123
456
2999
104
8759
9154
2300
8006
8847
8618
2850
8098
5044
5733
100
7053
456
7602
4304
5734
7719
456
4967
1737
4522
5618
7339
456
123
6703
1071
9423
456
123
456
3997
123
456
6640
4992
5491
2429
107
100
9330
3798
100
123
8980
9830
456
2166
6441
6910
3918
2440
5166
123
4524
1190
2319
2158
8700
4869
6965
3872
7547
123
4293
7721
110
123
7610
4991
3824
1327
1302
3882
456
5510
1747
8300
1531
3572
456
2440
456
2785
103
5715
107
106
456
2241
3546
456
9325
8992
2446
8757
6374
5749
456
123
5457
456
4948
6882
123
108
456
8060
123
2492
9248
8127
1503
4257
6251
7889
7985
109
8468
123
5970
5132
456
9590
456
9878
100
2560
6992
3585
6407
4228
123
456
3432
123
123
109
4861
9426
2512
123
1063
456
2678
6175
1772
6000
2073
100
8461
7101
9855
123
3593
7172
103
6803
7046
5942
4531
3994
103
9616
5144
3505
1009
123
123
2727
6967
6682
456
6839
6375
123
123
2970
5977
100
5717
7642
101
102
123
123
9664
105
456
3523
456
456
3346
9700
3388
9870
456
2849
456
4460
456
2107
7458
2774
2558
7957
2179
9852
1773
2152
1012
9224
4020
456
100
3503
107
1096
8443
123
8233
8875
8020
1419
123
3460
7079
6299
123
2890
7093
110
456
5635
5292
3756
108
123
4368
4809
8614
5841
4714
2233
2800
3514
5184
123
7396
9982
456
456
9630
456
1903
5236
2138
106
7869
123
8852
102
7789
8379
456
2526
8137
3405
4475
5861
8542
4019
108
456
6194
6524
123
8199
2513
4032
456
2481
456
3704
9334
1309
3201
107
123
6171
4300
2922
2032
123
2879
456
8772
9132
7250
6268
5159
5269
1253
7471
1109
123
456
123
7212
8523
123
7137
7220
9301
107
109
7435
123
123
6363
3469
6857
5387
7964
9016
456
456
4853
456
9555
7887
8972
5122
456
4776
9860
456
7973
6420
123
2688
6532
456
1890
109
105
123
110
102
3305
3606
2664
5228
4420
9730
6941
2343
110
8310
2408
123
2105
456
1488
4350
102
2771
456
6600
2847
7257
123
6232
101
4947
8265
6025
1493
7568
456
9584
456
8154
123
9427
123
6126
8146
3555
3881
4364
123
2671
3738
100
6993
1679
2451
2002
2446
456
8864
9890
9580
7695
110
123
456
123
4420
9105
123
5410
9112
2395
4176
8286
9681
108
4507
5193
1813
7798
3147
102
8271
8382
3747
8004
1125
101
7521
1017
123
7213
3553
108
5406
106
123
456
5912
6617
8603
9306
1607
1310
456
4068
6189
3287
123
456
109
3018
8619
123
5698
5355
456
2814
102
123
6132
3260
2854
107
9169
3610
123
105
101
123
2974
5590
123
6147
123
5391
103
5581
5032
4011
101
7712
1442
3589
4084
123
2441
5070
8138
107
123
456
6237
1042
107
4419
5874
456
5019
123
7064
456
8190
2233
6884
100
6492
6348
123
8172
8532
3415
456
7022
9440
5044
4752
106
2368
2607
5563
7945
3478
456
110
107
7465
7992
5540
456
6844
5388
2417
9862
5470
4243
3472
6384
105
9766
1140
8574
4106
123
2104
9218
4488
456
123
8370
1769
1519
1952
102
8914
123
456
6546
9226
3749
3157
5418
104
101
456
456
123
3897
1058
8753
123
1738
8812
8077
5507
4480
7394
2715
123
123
2440
9360
456
123
3843
6468
8961
7877
102
4817
106
9120
6448
2713
7398
2491
9842
4170
3747
1982
456
7240
7096
8333
7681
3473
5679
110
8203
123
7417
6396
4380
123
123
9269
123
456
3649
2851
8791
1547
5009
456
5513
6399
456
9922
456
4065
6615
8706
3138
456
2539
9801
3044
9665
7093
456
123
456
105
3341
2547
3258
2454
456
6329
6648
7149
1763
8944
2216
456
8338
9237
5412
2072
7842
7458
1439
5609
3406
456
9220
4238
4616
1840
103
1681
3518
9221
1126
107
1569
456
5091
7050
110
3977
8368
7384
4535
7317
8451
3359
123
9322
456
4185
2719
6458
1195
1217
9930
102
101
5120
5233
1272
8709
110
9886
9527
123
3890
6676
101
110
102
8988
4754
2536
106
456
9141
9588
6383
9304
9066
108
123
4292
107
110
7431
456
456
5702
4942
456
8707
4673
5658
101
456
7676
8911
3049
9413
4646
6267
6673
3436
123
456
1792
5000
3004
3337
6754
7338
5133
456
101
456
3158
8954
4385
101
456
4722
1378
4112
5868
2204
1208
108
1737
1823
456
456
456
3392
9866
8751
4920
456
456
7170
108
6499
1649
1679
7254
3688
4782
8549
1977
3422
6842
8968
4450
9431
2659
8933
123
7484
2294
4648
6903
7393
9338
3366
9811
456
1325
1831
3838
9418
5986
4117
8181
123
1414
9743
6339
6565
4689
3860
123
4876
3857
2172
456
456
456
4084
6091
456
7919
123
7299
9998
9189
123
2275
456
9671
123
123
6110
7988
1643
3162
6086
123
7402
100
6975
8676
9790
9581
456
5369
123
3195
103
4120
5868
2060
6882
5392
456
7308
6669
123
456
110
456
4428
2182
456
8036
1084
9714
8806
108
4380
107
4825
456
5591
456
100
6029
1690
9090
5952
7113
7645
3469
2221
123
7448
7548
100
456
456
8241
456
3733
456
1539
123
6459
123
109
3589
2521
100
5853
8097
7666
9608
2073
6896
4269
8278
2623
5603
9998
3683
4478
8651
5334
456
8835
3835
7808
456
8886
6010
2042
7938
7792
123
123
103
1213
1833
5405
4558
8239
456
7697
8713
9288
123
7305
456
123
8898
8505
9929
5436
123
106
5204
6569
123
8825
9761
1475
9481
4437
2919
123
7432
456
108
7230
9268
2865
9961
109
4661
6826
1289
106
4465
456
2706
123
456
1193
106
5040
123
123
9934
3876
6919
123
2047
6288
456
2488
3961
1681
4650
2528
8795
4295
4737
2602
123
8198
4894
8739
9665
4742
4137
456
456
1813
107
5961
7690
4608
7416
8639
123
7368
5717
3925
2663
6865
6001
9784
7547
8593
9127
104
2455
4418
7036
7763
456
5086
123
1888
123
8100
8632
123
6372
3401
9696
7352
107
2791
8443
8738
123
9206
9722
123
2243
5132
123
1142
9081
3963
2645
3609
2382
3751
7096
109
5534
1344
456
100
5653
104
8987
110
1718
7692
8745
456
456
456
101
1801
5786
456
4828
123
9644
123
123
109
1500
123
1817
108
4459
6069
3269
9971
7688
109
456
1870
8007
7343
109
456
9903
123
8216
1412
6011
3555
5579
123
123
123
7276
108
3410
8941
1596
456
123
123
9093
4822
9840
104
8050
2865
6745
1087
101
1142
456
123
8534
6770
456
5329
5379
8120
8416
456
6553
1429
123
123
3614
3689
100
5859
123
3378
2263
3239
123
4310
1324
9474
2328
1552
6333
7703
9899
3487
105
7014
123
5817
2907
1160
4160
1665
2180
105
6021
3438
5663
3068
456
9192
1645
123
8701
1774
8558
4412
6725
123
8421
1898
5508
2064
3456
9010
2818
7821
4260
456
2729
456
123
1813
9223
5322
106
7648
123
123
456
6745
110
1171
4784
102
9808
1459
2942
3379
456
456
123
1199
8260
123
107
2324
9894
456
8160
456
7205
9212
4883
6882
456
6878
2919
8453
5253
9736
123
123
6723
9602
9852
3691
1200
8065
109
9523
1046
1924
2541
1601
4324
3595
8357
3837
3267
456
1787
123
1467
6546
8349
123
9677
4029
9015
8471
2302
4780
7594
8135
3904
1472
108
2906
123
123
123
7182
2168
3537
8525
8634
5261
123
107
4392
456
2500
7808
4627
6036
7841
5487
123
456
7172
3410
8628
2247
6323
2886
2248
9822
7463
7417
5773
7258
9021
123
1958
1495
8980
6618
2544
3647
104
123
8117
102
123
1664
8663
8234
106
7768
9117
106
456
4549
7229
8371
4777
6675
456
9883
110
106
8417
123
4355
456
4868
7993
7474
9377
1740
1597
6555
100
6359
2508
456
5275
9830
7779
456
123
456
2619
100
8502
4199
456
107
7510
101
456
9708
456
7995
456
3663
5491
456
7908
8622
8326
107
8634
7705
4590
123
9721
3712
7031
7161
6740
1437
2391
2113
109
1468
3068
2704
1329
2117
456
1037
5215
4253
106
4879
2477
123
1319
4878
1145
123
5588
3672
9749
9470
2533
104
123
456
6326
456
7552
4961
123
7244
4374
9111
2900
103
9332
4359
2673
104
4654
4330
8117
456
6090
3187
5300
9988
456
100
5749
4679
7503
3182
4315
9068
7792
1215
123
6821
1871
123
456
3347
9763
5386
3245
123
123
5947
1278
5321
456
107
456
106
1148
456
8987
456
8537
3889
108
456
2355
3026
456
4903
3769
7723
123
110
3221
9734
4767
5645
110
456
8325
456
101
4556
2901
456
4135
9497
3490
2191
3206
4277
108
9466
1808
123
104
1285
5861
4956
9466
1990
2490
1252
4141
6265
4084
9576
8475
1578
103
3367
8403
123
7279
4057
8483
2738
123
4017
9845
456
8993
2541
9113
108
5368
123
7501
106
104
2825
123
7578
6323
3886
9548
5260
1216
1866
7482
7958
2559
5444
6811
7527
8551
4626
3419
6735
9401
4729
6829
7572
4825
2530
1401
2999
456
8607
456
9936
456
3221
9259
108
9106
7984
9158
123
4519
1058
3206
109
9071
8590
456
102
123
2624
6104
100
123
109
105
7963
5189
456
9123
4924
6545
7199
5719
2429
107
2420
1746
4678
4769
6121
123
8799
6832
123
8705
123
8964
8650
6655
9122
8497
123
8420
2533
7432
7996
103
4585
9833
1272
9150
5875
123
3524
3703
123
8122
123
2462
7441
6264
123
6416
4592
9029
8763
3007
456
2065
5634
110
104
8642
2861
9534
4891
9426
5304
2983
1705
7297
1866
8762
9396
5141
3296
6159
456
3926
2833
7828
7966
4403
4558
456
7045
6321
7904
4710
108
5785
3630
456
2125
456
6328
3361
6996
5735
100
4778
3300
9072
5540
1755
8598
123
2419
7769
6882
123
8535
107
3827
123
2198
106
8875
456
456
3745
4739
6690
3924
5286
105
456
123
8030
123
3690
9252
3936
9907
1521
4337
3258
5580
6984
1892
9740
6036
9958
2479
123
7333
7138
6094
9573
2693
5096
8289
1166
6316
100
4227
3720
123
123
110
103
1983
8790
6573
5328
5246
2243
8005
5357
110
3610
100
105
123
1108
3624
456
110
105
9020
5560
5501
7796
123
2242
456
1515
8128
4494
2839
6082
9025
9133
107
6458
8524
123
5520
456
4857
2004
1118
4883
1762
2682
3747
7474
123
456
6167
108
123
4077
9015
3264
4282
123
456
9233
9047
123
5022
5486
2861
100
4433
101
4971
6834
1747
1670
123
3301
6293
8778
4351
9198
9064
4137
9692
104
3716
6277
123
7882
123
9712
102
456
3657
2024
1587
109
7138
123
7181
110
123
9562
6364
5854
7493
5829
123
6007
5305
3035
4669
123
6516
6731
9352
5753
8178
3020
3055
3659
106
9035
108
7820
4858
123
2031
7960
7212
3100
456
7078
1382
7580
7560
8738
123
7635
5123
6765
6112
9708
1585
9471
123
5437
123
4546
8431
123
7071
1612
8999
3998
456
105
1988
4433
3478
9446
4658
5737
123
456
3294
2929
123
1513
2133
1114
3206
456
5232
123
3453
2541
123
5599
3938
2918
5370
106
5830
456
8061
4414
1428
6670
2715
2267
3162
7394
456
101
2930
456
123
1276
7389
105
2399
9784
123
9769
1244
4630
2401
9987
3477
9792
1403
4697
9341
123
5294
456
4361
4573
3612
9147
123
456
3471
4572
9005
4918
4673
7007
3088
8148
4867
9862
123
3950
106
108
6709
5702
2455
456
3509
5514
5935
4389
3769
123
456
8137
123
123
456
5040
5219
123
5252
456
9951
456
3482
4907
1950
1952
1217
3050
456
1590
103
101
7146
2408
456
4661
8627
7082
1492
1042
4061
7483
5939
4533
5354
6410
456
7418
456
9968
105
8524
2763
4493
3366
456
3095
9517
5381
2617
1014
9403
5926
1849
123
2970
123
8480
456
7941
8586
8925
456
106
3234
456
4713
5917
456
123
456
8128
100
4521
3735
2793
4860
456
4271
9888
106
7933
108
456
107
3542
456
1335
102
4520
2736
4620
1159
108
123
123
456
123
7864
8556
110
1977
9021
123
123
102
105
8229
8008
7440
2935
1742
6254
9706
5049
104
6768
7360
8756
1642
5084
123
5903
7290
456
123
101
105
2308
102
101
6206
9050
1031
123
6989
4744
4033
6319
5882
4955
8199
2581
8881
108
5998
5882
123
1226
8926
106
456
5794
123
5935
7344
6897
100
105
3209
3401
106
4052
7815
5675
6430
123
3031
109
9814
4733
123
5106
9878
8292
8561
6595
2895
2529
5206
1417
105
123
5932
109
456
5815
4032
5154
3479
8453
456
456
106
1102
6203
108
2379
1880
1144
456
456
101
9871
1808
6865
8021
8950
8316
2070
9113
3882
456
9850
9116
4239
5657
110
456
456
456
456
1767
4046
100
123
2492
123
456
6361
9960
5950
456
6067
3057
5030
1946
101
102
9824
5131
1057
456
3874
4540
2270
8744
104
1829
103
8022
2657
1044
123
9364
456
7281
4767
8711
9973
456
8186
9355
7357
4735
6012
9496
3719
105
2981
7022
4463
9722
5453
101
9513
108
7693
2449
456
123
456
1132
100
456
2409
104
123
1218
123
123
103
2277
8720
456
7149
6977
7931
7595
106
2181
9382
1027
5324
8042
3890
110
104
5819
109
5624
123
6625
8522
4721
5487
4616
1096
5182
3305
456
4871
8892
105
8419
8536
8348
106
123
3264
8989
5436
6120
8445
1974
7720
6245
103
3271
1608
1346
8409
6245
7945
456
9854
5962
7654
123
456
7767
4254
123
456
8303
123
4838
123
5826
456
123
456
7902
2141
123
7530
123
4429
9784
2560
4446
110
5005
8389
102
9769
110
2561
123
6367
3894
1930
9872
123
108
123
456
456
6069
5569
5759
9204
1996
123
5392
101
4650
4321
103
1191
1067
456
456
9135
123
123
123
110
107
5236
101
7162
6946
456
3886
9792
8170
6011
6369
2175
7854
2688
123
9779
8175
1881
4665
3763
1601
1020
1994
456
123
123
123
6546
5253
456
6419
9534
9094
456
2542
123
4154
9914
6301
6123
9136
6337
103
6536
7419
1226
105
456
110
6828
1920
7647
4516
1320
123
7409
103
6985
6031
123
6275
456
8478
106
5371
123
7174
1198
1492
2541
456
110
456
1304
4337
7320
6875
103
9168
123
123
110
7369
1644
3617
9353
456
6484
8825
6910
9936
123
1527
6648
8470
1084
456
6709
123
1612
8862
2279
4810
3149
7950
106
9426
4687
4189
5093
8299
4550
8608
2696
1101
9050
5660
1698
4011
456
4290
9319
2489
8180
5555
8078
7598
456
456
2826
4401
1812
5026
1060
2183
109
2944
7103
9882
123
1947
4187
5810
1559
6922
9346
3916
2705
110
456
123
2831
8946
2898
123
9920
110
7550
9409
5508
4217
123
456
8944
3102
4791
9595
4317
456
100
4743
5246
6679
123
4495
5250
6225
100
8241
5776
7273
7399
123
456
2554
1759
3042
8492
3527
456
5044
104
9044
1090
1310
123
2441
6783
8306
1625
4863
5532
4044
2784
4524
1087
3217
1510
6560
2811
4058
8286
2928
123
4376
3217
123
456
5434
5846
1539
6894
7185
8144
9382
1008
6751
456
123
2943
6770
109
2953
4172
6173
106
5220
5912
7676
109
5183
8515
7887
4230
1641
8614
109
6582
7283
104
5997
2497
7248
3903
5970
123
123
3898
8373
4689
4794
3174
9819
7652
1927
6181
5418
9658
1464
108
9492
5736
5334
8453
123
456
1327
4130
4429
3836
6122
123
456
123
3191
2289
4080
3274
6480
6001
4355
4234
5997
6197
4446
1775
100
6327
6702
4174
4565
9571
6249
8886
104
123
9956
3693
123
103
5794
4108
123
105
5841
9606
8065
5710
6082
7002
456
5711
9813
456
1703
8740
2418
123
9599
456
3647
102
3069
1957
7784
1816
8141
2549
1332
7163
4252
4202
108
6659
3172
2084
105
3841
123
4114
5189
103
9009
123
9517
100
3224
106
9662
107
123
123
123
6182
456
123
9377
456
9055
456
5900
7891
2043
2500
123
8396
456
123
123
103
3022
3732
123
7227
8876
1999
9730
100
5559
105
8567
2688
6374
5943
2037
6229
1166
2288
6992
101
8834
9495
2905
101
4598
2668
8290
8349
2603
8478
456
8097
123
5800
104
102
8020
456
7449
6038
1255
8521
2327
9583
103
123
9094
9301
1850
1669
7260
5066
5031
3170
7785
123
1640
7566
3946
1279
2066
5786
9380
7530
8784
1347
9979
123
2176
7645
6495
456
7600
109
6894
123
4510
8202
5606
7795
8779
104
456
4678
7661
123
5671
7860
9953
107
2348
100
8538
123
123
3679
4831
1569
3849
8376
8978
1081
456
110
4368
101
7185
123
1686
8577
7831
105
123
7803
5011
7819
4977
6701
9502
1484
6835
1040
3165
9866
6638
123
6707
100
2757
104
5415
456
4704
2049
6823
5953
5404
5900
7496
123
456
104
2494
6473
123
2489
107
456
101
8011
5890
103
6703
8492
5305
2165
123
7366
6884
123
123
123
123
100
3014
456
2697
5498
4248
123
8481
4490
102
8730
123
7570
8295
8747
5754
4577
6851
456
8235
2474
3401
1989
123
456
9210
8933
123
456
101
2255
7875
4211
8418
8057
8397
1395
100
9160
7255
6214
2759
2925
9720
123
1929
4775
123
5605
456
4958
101
3014
8546
8333
456
4835
4287
6269
8248
2603
8418
8620
5225
2707
9255
8829
6886
4908
7441
109
456
456
5181
4367
456
104
4885
123
9675
107
456
103
2225
6699
123
2027
6290
456
9325
3626
5023
9027
8147
456
8079
9345
456
3363
2863
456
9390
105
5035
5035
5180
102
5943
123
5112
6156
9205
8110
2086
8573
104
123
5798
109
6579
4868
123
5080
3658
9619
7693
1308
103
7252
123
1598
7803
456
104
8358
4043
8127
456
456
2168
9578
1272
456
3877
106
3871
2940
456
8749
6538
123
4936
8480
9801
9566
9841
9584
1441
123
1782
2788
7952
123
123
8658
123
105
5740
6019
8568
8235
7028
2791
7856
4491
456
123
7394
3250
2325
2652
123
7339
8714
3441
4362
104
3514
1825
7059
6623
5531
106
7039
2942
2052
107
8295
105
7773
456
2447
4519
8408
7597
9621
6401
123
456
6729
123
6488
7127
456
8400
456
5250
103
123
456
100
5436
456
5963
1232
2853
4653
5201
5939
3342
4399
7032
456
1157
6756
7818
2171
2021
2896
3740
2028
1442
6137
5783
5481
6445
6815
4800
8932
2016
9276
1893
123
9393
456
3197
6628
104
1575
123
4705
4904
123
2241
2114
123
123
6691
7803
456
3647
6370
456
8846
2968
3839
456
4758
2783
9261
1501
9984
123
456
9115
5059
107
2140
9084
1637
123
7454
2278
7060
7504
5533
123
9667
123
8862
6852
1544
456
8082
5569
104
7292
7951
4323
9127
9537
9631
9950
123
456
5648
1221
5435
6509
7061
2063
9323
456
456
5299
4112
9326
3176
6479
1040
123
2657
7893
3158
103
456
123
3000
456
1239
456
123
8833
123
9132
5269
2030
5273
7242
7778
5905
123
102
2505
4739
2713
7036
123
1022
6681
1692
4634
456
8056
9415
8930
2295
6677
123
8464
2092
456
4695
123
109
8916
4019
6643
7943
123
5461
7898
4201
9647
2505
103
4589
6446
456
8029
2688
2539
1176
104
9069
123
456
6368
1469
3245
9706
7229
2839
3324
109
6455
6883
456
100
106
2611
2357
5500
7737
100
8811
1529
456
2370
107
2909
456
4000
2610
103
1359
456
2261
2014
3120
5984
456
3731
123
6359
108
101
1118
4118
3580
123
3261
3675
102
8630
106
5408
3936
1799
4129
4205
8410
4377
102
456
4692
1882
1542
103
2191
6815
3431
2223
4551
110
9121
456
5302
7975
1888
5016
4200
7596
3072
1819
5390
105
3510
9259
7450
6264
3916
2119
104
8151
108
8296
9416
7072
9933
2835
456
8113
1315
9086
9071
123
8326
8568
3737
123
2657
2791
123
8312
2963
8206
109
3120
2856
6156
5472
7458
103
108
123
7626
456
7843
109
7412
1017
9923
3940
1177
6298
7967
9967
8005
7493
6070
456
107
101
101
456
123
1008
456
123
1983
9474
9876
8126
6887
1499
2438
100
9798
1643
5848
456
3191
8069
108
103
2282
7844
5789
1157
4774
3194
107
6203
123
456
2742
4870
3134
3453
109
9422
8535
7060
7926
2241
3685
6905
7928
5425
2295
5320
456
123
4114
6252
5361
6795
5596
9927
456
9847
456
4705
5792
9354
123
8349
2721
105
123
3937
105
9921
123
7509
6757
107
1124
9063
9617
7303
107
6470
7060
103
456
456
108
9135
456
2686
1953
123
101
7287
7305
7463
1859
7451
5299
4541
123
7335
5540
5100
6956
4797
456
4187
2428
5084
8984
9375
123
9166
5180
4137
123
123
2496
5610
4646
4060
456
2318
6412
2220
7505
123
1357
5912
5907
100
3000
100
1079
5864
8171
8022
123
1994
123
1828
9577
8351
2685
107
3038
456
8907
3968
101
3012
7692
4963
104
7304
101
456
9988
100
3188
1471
456
6211
456
110
4376
123
123
2265
123
3848
3164
1022
8207
103
106
456
9769
5936
1795
2111
2461
101
6560
108
4083
9585
5900
9176
3127
123
123
456
123
110
123
123
1927
1304
4632
1927
4644
456
4965
5015
1957
8796
3305
4807
456
1721
456
108
6813
3500
9066
456
2290
456
103
5633
8532
9328
6366
5424
1299
2848
3638
7390
4831
8093
4457
2898
5272
123
9026
3344
123
9348
6270
6617
6764
456
6970
456
8969
123
3414
8091
1932
5850
3411
7447
8987
4059
7196
5203
5603
5309
103
123
2616
104
456
5447
1561
107
6387
7197
8526
1390
456
7847
108
4948
2660
3442
5672
101
8057
6887
103
6002
6398
100
456
456
123
2184
6491
8295
6086
4349
9117
6924
9699
123
4460
456
5232
8691
5004
3849
123
2955
5075
456
1384
1797
2703
456
100
123
8442
6871
9445
9797
5204
7257
456
6642
8194
456
7986
123
123
3656
4654
7762
123
8032
2421
9587
6263
7792
2330
2537
3952
8635
1388
8001
3423
108
5001
2038
6962
2665
2065
1628
4772
8087
6363
1487
456
5775
6432
123
456
7898
5086
456
3323
1120
3120
3231
4197
102
2354
6047
5495
8336
7132
6837
2738
456
4473
3146
7212
7408
456
2271
7277
2774
2675
8238
8082
7828
9021
456
5931
3647
7415
8947
123
5657
456
4417
6855
2942
3712
106
108
2102
8884
103
456
2431
5687
123
9757
3679
3099
9673
6211
9657
6022
4349
6149
123
456
8392
2361
9702
8370
6308
8610
5538
110
101
123
3402
4201
6643
123
2731
6743
123
6860
6088
123
456
1004
2689
