1166
5892
4172
106
456
456
3856
4060
2495
7752
3729
456
4112
6276
123
9367
7807
123
3683
3930
110
3976
4811
6404
4806
456
4044
106
3127
123
456
1153
456
108
7324
1808
123
7358
3940
7025
108
8877
1226
6337
7894
4302
2955
2311
6497
102
456
456
123
3400
123
4028
2570
106
123
8550
4985
4019
123
7467
456
9491
7770
7840
2109
4195
4307
9699
6411
3053
1969
106
123
9780
2113
456
1578
107
7582
5330
9069
5343
4598
1033
2362
123
4079
9036
456
5917
7361
123
1662
3630
123
4805
4291
123
456
6587
1668
107
456
109
3594
5654
123
2539
9260
7719
1249
3483
6330
3682
8202
123
7364
9862
1279
8170
123
5890
456
1929
8965
2579
1544
6060
9602
123
1964
4639
3656
9901
110
3955
4504
456
1236
2199
2142
3003
123
4499
4691
8319
5081
9264
456
123
7028
107
7906
6369
104
3041
456
7305
110
3883
9462
5526
123
6444
4303
5951
123
4528
5103
103
108
123
456
3184
3103
6021
1475
106
7578
8211
5587
9801
123
8906
3599
1778
2953
105
7428
7385
2985
4766
1119
3548
6831
456
3366
6111
6180
6802
109
1438
7425
7128
5893
3167
1182
7022
107
108
5841
4745
6236
3456
456
123
3014
3050
4283
1018
123
103
5536
6087
7417
123
456
6169
101
456
100
3309
5392
104
1772
123
3315
4822
1731
3283
123
456
7895
123
9356
9059
6839
3555
123
6805
456
4471
108
2158
5117
3778
3162
8280
456
3233
3531
5142
5188
100
7038
4315
2785
3782
9221
456
2786
7754
456
1744
2983
5679
456
3888
7993
456
101
7489
5314
106
5778
8098
8952
8773
1754
9310
456
101
4418
456
456
123
3113
123
1961
108
100
4682
2526
123
2634
2146
123
8392
8693
3354
9577
5071
3361
6851
4690
1226
2941
8831
7028
456
108
101
6299
9101
4931
8005
123
456
2785
456
1210
456
9231
7387
7686
123
2589
1190
1800
9933
2703
9485
3153
2400
456
456
8182
123
7749
6627
9959
6294
3940
9011
9777
123
105
8907
6076
9709
3981
2674
8105
8387
4342
4971
8525
7666
2592
6778
8172
1368
4978
3345
1003
456
123
9212
4289
6429
6592
5011
8649
1038
109
8264
1671
8643
456
6777
6278
123
456
2970
8120
6441
9326
7317
123
456
102
7095
456
5504
456
4643
8832
5347
105
6375
9289
1427
4980
123
3820
6929
8351
1601
9487
123
6255
106
6317
1259
4292
5946
456
4172
8679
7865
3159
4685
8021
9108
5946
8040
123
102
9391
123
5505
6128
8924
456
103
1120
1148
7128
456
456
9327
2503
2385
7234
2798
7890
123
456
3748
3678
4243
109
2807
7555
456
7211
2185
123
2643
4248
100
110
123
9414
1195
2159
2551
5624
7138
2522
6656
6389
1058
6516
123
4222
2496
5366
6446
5912
123
1803
5725
3978
2421
2432
9546
106
123
7344
5640
123
2883
2380
102
123
5052
456
456
6231
123
123
2285
5305
4392
4300
7948
6093
7639
9456
109
7844
2487
123
2884
104
3238
8035
5282
7347
106
123
6266
3608
3767
105
6894
456
3336
1953
6885
2232
1445
8941
123
4152
9779
104
9826
3552
6872
123
3935
3099
1853
9430
456
6292
1284
123
7264
456
8570
5179
3109
2415
9945
6611
7342
1020
5595
1128
456
7804
456
1704
6120
9062
4345
104
7320
5638
123
2110
6553
2828
3539
7444
2028
102
3322
123
456
4440
1882
5685
3815
5988
3372
7115
456
1813
1732
123
3860
7590
5278
2414
4427
104
123
3450
7981
1819
456
9564
8256
3682
1781
123
4113
1777
5292
6303
4456
3000
7324
7836
3815
1925
9121
8226
6127
4042
1768
5821
1781
2660
9195
9392
5316
105
123
3260
123
6822
8678
8806
6940
456
104
3409
4655
106
9046
9916
1262
123
5239
7741
1660
3170
2892
7298
6442
1189
4464
6079
4915
1085
7823
456
456
1051
7901
4311
4655
1629
4884
3325
2115
123
5856
3983
456
107
8979
1598
6236
3664
105
4159
3459
4726
4239
1709
102
3791
9128
456
8047
7807
456
5156
1114
2005
123
2437
6171
456
1013
2984
456
3924
9916
3400
102
1057
4606
5636
9437
1776
3052
5824
3518
456
9184
104
6546
123
123
1967
456
7402
8869
6989
2071
5364
107
456
109
7761
123
2890
5491
123
9579
5441
123
101
4237
6089
2433
5282
8900
8690
1178
100
2659
6461
7473
104
8857
9200
2213
8375
123
3086
3033
5410
9648
2908
107
123
8573
9477
7401
456
6080
101
6931
8262
2565
2902
8164
456
7972
107
109
4307
2785
8299
123
1298
6159
1717
102
5951
5684
456
123
5436
9037
123
456
9499
5370
456
456
2019
9064
123
6192
104
123
9596
456
2393
1839
4097
6826
107
123
100
5766
6431
9122
9350
4477
103
4751
1111
5943
5513
5860
6158
9521
5466
7313
1806
8519
8316
5222
4199
108
101
7534
4891
456
3792
7855
1742
4847
1765
6226
6138
7610
123
7526
3228
2472
104
7022
456
4359
1255
107
123
3027
2697
8444
456
2342
6768
8673
4947
3451
8798
6046
456
123
8688
123
3230
6395
9739
123
123
456
6796
5685
123
1885
1327
2748
7942
2767
123
123
5735
3976
104
8409
5603
456
123
4237
8633
123
9447
7567
123
9075
3183
6755
6258
1115
8414
456
9852
8196
456
456
2603
2305
9998
9146
101
103
123
2505
2192
5724
4058
7862
9718
8594
123
1554
1446
2522
100
101
102
8188
2568
2128
9067
5731
1522
9654
8389
8531
9114
456
5811
105
1571
6379
5800
123
101
5769
6622
456
9673
106
4876
7267
2938
5224
4480
123
9492
1601
8976
5903
4403
4835
3199
456
456
123
123
2135
110
123
8797
456
5068
3677
8847
456
5138
6442
5831
456
3842
123
8452
4655
8424
6314
9264
9297
2724
8600
1670
456
9190
1877
8101
123
3151
3175
4202
3122
123
8015
7292
4304
4550
8027
7134
4732
2060
4483
1701
6607
9002
6149
456
3118
9153
456
123
2501
456
7912
123
4499
1286
6352
4924
456
9084
123
7140
8745
8266
2639
4843
9192
1983
2242
1780
123
8413
123
4236
7965
100
3884
7743
104
1136
7142
123
3195
104
7435
8392
2521
8105
123
7656
4154
107
5258
5543
1352
2034
8776
5297
1872
5717
6847
123
108
8195
123
6491
2379
456
5958
456
6958
123
9690
456
123
105
7025
456
104
2118
6688
9639
4994
4724
6453
8036
2855
6761
2822
3877
5766
3055
3178
123
106
2916
123
110
8528
8620
5022
456
1269
2025
5816
2129
4598
2507
4370
123
8361
4030
107
2646
456
2559
4670
2946
8705
107
1083
9793
8572
2606
106
3658
123
1685
7488
6549
1036
3061
6954
456
2840
2699
123
9966
1011
3808
8228
6964
9631
7583
8533
7203
123
7419
7364
7236
123
5919
3382
1153
123
103
6488
2634
8360
1462
456
456
123
9182
107
7999
456
123
3860
2138
7060
104
5634
123
3237
5377
456
5774
9939
110
456
9793
4990
9165
456
3626
4519
7120
456
123
4301
7188
9724
7647
4216
123
4557
123
3223
7430
6383
5369
123
8915
104
8890
7424
1704
7472
123
7821
3678
123
5180
2749
6059
6747
6726
9196
102
4611
3564
2022
6896
2349
123
123
3151
5827
6994
102
6045
1865
8334
5273
123
4341
2766
456
6218
2848
123
123
6964
6466
109
123
3495
8606
456
6759
5825
1610
6760
3432
3686
2061
123
123
6592
456
101
1382
1926
4668
5960
123
9986
7235
456
5393
6134
102
5442
5314
123
2038
4364
1827
3629
3064
3498
3150
456
123
6651
8964
4805
1015
1831
6228
6782
3031
5179
2194
4838
9522
456
4701
4495
1034
1961
6236
103
8792
7663
8841
5198
123
3378
105
1985
101
4953
5320
9201
2177
7276
2791
4550
123
1334
8901
8190
102
6074
123
456
9159
1598
5833
9875
6717
4912
8024
103
1272
104
5671
7458
5043
7192
9948
3661
101
5570
9461
4963
3641
5895
123
4793
5445
1372
106
6549
456
1167
5653
8705
110
6969
9166
123
5389
123
4083
3128
123
9287
456
3738
4157
6207
110
7094
6623
9112
102
1578
1574
8632
7698
3479
3135
5788
9727
3441
4740
8247
3402
456
103
456
5808
123
3939
2709
456
8895
110
3187
9397
3825
8759
9186
123
9987
123
6610
8180
5198
8028
123
5407
8940
123
5311
8957
1757
4144
123
7851
4430
2662
123
2897
456
3622
9260
456
9014
8304
6939
456
9214
7477
123
1521
8895
4588
3766
456
6845
8063
456
9603
123
6786
4965
4971
4474
8933
2456
1889
123
2193
2873
123
123
2370
2981
123
8114
7993
8642
105
2978
9827
103
1015
109
4693
7360
109
456
123
1206
6518
3761
110
123
8791
110
101
4436
5671
100
8246
3978
7909
123
9714
3324
3747
7875
456
6058
2839
6904
3983
456
108
2996
456
456
7944
123
8788
108
110
1157
456
7113
8320
1217
9547
456
456
8841
106
3363
106
7495
7374
3040
1279
3630
6299
456
123
8185
5359
7110
9910
7336
456
4425
8882
1933
123
456
3774
6684
1097
4787
8337
1016
9338
123
8606
5682
123
2650
9171
1077
7683
4473
8259
7462
7671
1026
3645
6967
106
7574
1653
8299
2226
456
5171
4437
456
4245
123
2767
456
6112
1618
4884
5152
6274
6835
123
8072
1841
7132
8198
7189
7542
3748
5329
1052
4222
7279
5697
3995
6718
6309
8912
105
456
456
9919
8377
123
5484
102
123
4705
2187
104
7675
2380
2762
9771
7205
104
9265
4279
5567
3610
6970
4061
456
123
4861
7824
1596
3211
106
5535
8668
6098
8283
1469
1457
7206
123
8651
7000
8735
106
7215
2554
6338
109
3808
123
5994
9061
456
4245
456
3726
8933
8979
9384
2820
7694
9659
1475
102
9566
123
103
123
456
1013
3454
4146
5416
9942
123
6998
7089
9224
105
456
123
8230
2249
123
123
3361
2210
8893
123
456
7564
7455
5592
100
2062
456
4622
456
9021
7438
1670
9502
4778
8282
9090
5576
456
5386
456
456
9796
9902
105
3671
105
6050
3529
123
9616
5157
9647
5577
123
123
5279
123
7823
2436
6438
1221
2658
5695
4771
110
110
3660
6633
1662
6049
4312
3849
6701
7882
4289
3560
123
123
3899
6177
7686
7667
2692
5931
3586
1854
102
7193
106
110
9382
1183
5238
1672
3484
109
6172
6036
5494
4066
3733
9298
1178
1342
1346
4623
6099
4501
8017
6047
5339
5076
123
4016
1933
101
123
5491
1682
6225
5189
4470
456
5080
2080
8081
2000
101
2972
8717
9296
456
3193
2637
123
4945
456
3245
5562
3033
6495
3815
4891
8980
456
456
1040
1989
9078
109
1838
4697
8621
9793
6493
123
4799
1883
6484
3365
5849
7166
6615
9637
1519
1967
456
106
105
8845
3683
6036
5887
456
4328
5321
2144
4890
2745
3970
7537
100
3828
5082
8507
456
4095
4091
7948
108
2491
2716
6879
1152
7408
101
8530
100
123
8584
1237
456
5052
4681
106
1264
7906
2733
6205
1076
1512
456
5515
5956
3215
1234
8913
9283
1327
6621
106
6513
1924
6461
107
8845
2152
4383
3049
7985
6973
5965
123
100
4570
6291
5982
5375
5197
123
7894
7119
105
8119
123
101
123
8885
2946
6392
123
5231
123
5039
9396
6105
5373
104
6984
6179
1951
1747
456
8115
123
1278
123
1083
4031
8943
4847
3636
107
6222
2605
5618
123
6299
7091
9004
8163
7381
6053
5874
456
4308
6466
5705
1701
103
4818
7221
456
1491
8422
3842
7449
1047
8539
456
2365
456
123
4024
5130
6992
456
6688
9528
123
8412
456
4867
9584
2334
456
6055
1691
7802
123
2751
123
3951
2447
7596
7479
3566
123
2819
4490
5095
8297
3628
1209
5155
9803
101
123
123
456
8769
4218
8273
3225
9658
4777
8022
9209
6932
9339
9689
6868
123
2609
3151
3549
2548
8760
6746
2033
123
456
3367
2845
6964
8193
9513
8925
1390
9492
1864
9950
105
105
8083
1000
456
9011
101
7243
456
3585
2884
9099
102
6154
7196
5593
4099
3322
7340
123
110
103
3932
6198
456
7420
123
456
123
5976
3737
9515
8419
456
8815
9826
7751
7643
123
456
123
456
8231
2597
6615
110
3979
456
123
1205
1542
2747
5556
3215
8565
456
4492
456
8574
6779
4435
8275
6910
9659
1552
8333
4010
8978
4923
2328
7282
6506
6874
3532
456
109
5322
5722
8591
5426
8904
6765
456
456
2163
2736
123
2819
8181
109
4610
123
8314
123
123
6721
103
456
102
1360
2431
3751
9627
456
104
8170
6910
123
105
2923
101
3261
4058
1333
6879
5444
4924
3642
2132
7390
5922
2852
3343
5039
5601
456
105
123
6809
4831
5671
8835
9791
1700
123
2528
8015
5272
7487
123
123
6071
4964
5018
9715
101
5455
2861
8640
2219
123
4489
5973
8041
7150
456
456
9865
456
3819
9478
9933
5510
110
456
4165
110
1792
7946
456
6629
5705
9701
7922
1522
456
123
1668
8060
123
456
456
123
9167
8471
4143
3469
1984
9288
6180
102
6394
8198
2258
6286
7819
3758
1830
6206
100
456
123
5254
456
1480
2408
7569
9391
4573
2805
4666
2312
2606
4177
9561
2119
2602
1257
456
7612
8308
1077
100
100
5334
8420
5765
7093
456
4249
123
103
4294
7443
3589
103
106
456
9842
2171
108
4283
123
456
456
456
8258
7014
2313
456
123
6376
456
103
4910
109
5136
7220
8395
456
4167
5027
9659
456
5829
456
8094
2397
456
6295
5632
104
8580
109
2967
9763
8827
2574
5085
1548
6036
456
1812
5477
4105
5786
2533
2043
3060
7689
3750
9594
7578
456
5853
8870
7935
9860
1210
123
1917
110
123
4705
456
456
3535
3684
7171
6553
102
5627
3141
1208
2838
5039
456
6560
123
4061
9876
8821
9658
4445
102
456
110
107
108
7759
2363
4313
3014
456
1318
456
5424
2638
3450
123
103
5185
456
4327
2263
7266
9105
3882
103
4720
4226
123
7081
456
6090
7407
6736
7808
8559
456
123
7989
2395
109
8756
8611
7072
4915
9916
8347
1667
5795
100
456
123
5240
2793
9133
456
100
123
103
5993
3406
4194
9866
1238
7990
6067
2249
123
3256
456
6491
101
4105
123
456
456
4700
2821
6675
456
8155
1269
6446
123
2486
456
1851
8606
5474
4443
9470
7046
7297
3012
7253
456
3994
109
123
9003
8486
8447
4935
6988
123
2195
456
7698
5130
9258
9030
123
123
123
1628
2675
5881
3725
7602
5310
3799
6806
5650
2508
6748
7387
9131
3360
123
104
123
107
9241
107
4473
5195
1024
456
3182
9461
4604
109
2824
7037
6065
9074
5099
456
123
8115
7956
3547
7976
3055
9091
1939
7349
3217
4389
1904
7434
4897
456
456
7726
6029
5302
123
1039
456
3308
123
3055
2022
9932
123
101
101
2075
123
3202
3659
4049
1208
123
9239
9604
456
8973
123
100
105
2047
6198
456
123
9711
123
110
9282
104
456
456
109
6626
102
103
4076
123
456
6704
456
9795
9750
1960
456
456
9520
7109
5360
9312
8418
9361
5479
456
456
7732
2903
3725
6031
5335
1245
5126
456
9344
9238
2111
7089
9420
456
7549
1267
456
108
5197
2925
6324
9287
7476
1622
123
456
110
456
107
4474
6146
3280
2063
4597
1272
456
3224
4349
3746
1572
8211
2977
102
6696
4561
100
6746
9940
1557
1405
104
6975
4130
3268
6625
105
6207
1117
456
2347
456
5847
7196
103
456
7237
104
9629
7760
3499
1077
7751
3785
2287
6361
7314
3221
105
2838
2610
8063
3913
456
9896
3923
6093
2619
3985
1020
110
6942
123
456
6483
123
123
8836
9196
8912
9400
123
123
456
109
8242
123
2463
6373
6375
8084
100
456
9578
4213
456
123
3876
2845
3865
6525
2875
7954
3060
456
3661
6861
8178
6348
2942
104
8429
7237
101
5517
2574
123
5157
6968
6318
9931
4563
4381
456
8817
3836
9469
107
2076
123
7384
456
456
123
108
1469
7292
3587
123
456
6371
9812
107
8249
1115
9804
6401
105
5244
5020
123
4393
5900
104
6948
1005
102
4078
456
123
6855
5553
4289
107
123
100
2495
456
5984
4905
8960
456
456
6920
5894
2815
1493
4041
456
101
104
110
101
2839
101
456
4344
3913
104
3094
8679
4906
6940
3515
7891
123
110
3038
1995
1425
1834
108
7007
7446
5196
1298
123
103
102
102
456
8351
100
7549
2090
5523
7026
5097
108
8881
1846
123
1049
5690
123
9213
456
456
7219
4287
106
7760
6348
123
4264
5848
9076
6784
123
123
110
5829
7049
8273
2859
6819
5256
123
105
456
100
123
103
6638
4511
2577
456
123
7654
456
456
5382
7744
4362
3566
123
5377
3545
1556
7322
9068
104
456
4645
3896
105
2210
456
6082
105
4600
456
9191
3649
3882
5252
1419
6572
123
101
7858
1920
123
3631
4303
3839
5357
110
5826
456
456
123
3123
123
7617
1127
4478
106
5668
110
5640
4584
5231
8035
2723
8901
9799
6697
8737
101
2600
5337
4807
100
2703
5572
456
456
123
2312
7975
4874
5032
8163
102
4636
123
3648
8846
123
5543
7889
8833
456
3376
7218
4370
5364
9810
3238
123
6630
123
108
3533
1949
7695
5695
6884
6468
1406
4486
9239
5318
123
5688
7107
3030
123
9221
7546
6254
3380
456
4267
9360
1172
123
9731
8677
3415
7601
1215
6263
110
6730
2366
6458
1148
7875
104
7312
1339
2106
5702
6299
4973
4268
9522
8939
9941
5070
9240
7792
5313
456
5447
5466
6197
6407
2318
2935
123
2031
456
8058
123
123
123
1619
5560
456
2159
3389
8399
2942
8012
456
456
3592
1674
1862
9412
7557
1499
102
6789
3246
8551
1943
108
103
1350
9092
456
2124
5653
2239
6275
3212
2042
3401
7656
123
1514
456
2357
6750
5039
5846
8113
2863
2157
456
2598
6832
3917
1448
1779
105
5915
101
7443
123
1985
5279
4180
1921
5420
456
4570
8141
3387
7025
123
8531
2637
456
3323
8263
7769
5151
9814
456
1260
6232
5096
8070
456
2182
6547
5145
2816
456
9783
4229
100
1364
1318
7532
6794
5924
8904
5399
108
7689
6257
6900
5225
6016
2509
4887
456
456
2086
7649
123
108
7739
8166
4954
9766
4741
2046
103
5367
4991
456
100
123
5130
8339
110
3366
5112
123
7023
4924
1771
456
9516
3681
123
123
9742
7421
1434
456
2679
107
2117
3537
4598
4533
102
4530
6029
6001
2594
5351
1837
1805
3916
7434
103
456
4605
8504
7624
3685
8225
456
5000
3434
4540
456
456
2469
456
107
8709
4738
103
456
1575
7407
9111
3868
4230
7804
3241
456
3819
5905
7290
456
5003
103
2630
9875
7085
3439
3032
8036
9578
456
5706
5035
7629
5029
456
1024
5821
6648
456
9198
101
2048
2755
3786
100
5692
123
102
100
456
123
8625
123
4307
456
9573
6154
8299
1690
4052
1863
1267
1477
6808
8926
3517
3751
1494
123
123
7701
5152
9428
5305
103
3408
8797
107
5911
100
456
7549
123
4386
123
4513
8129
456
3775
1324
6516
123
8932
1067
2109
9446
7273
6052
5398
9308
7530
106
456
1393
1375
456
3921
1892
123
109
4282
4011
456
106
107
8951
456
2489
9340
1427
6951
8220
9796
9569
123
5264
3847
2844
6545
456
1174
7728
2512
104
3464
5087
456
6866
5780
8550
4215
1120
5859
456
7977
9993
3301
7549
7003
8358
9673
5090
7654
4417
123
3461
5968
1506
3420
2338
9650
2904
9659
1955
2104
5242
5979
8147
4324
4426
1237
3395
456
7206
123
2344
9924
1334
2499
8289
6718
2982
5093
4835
1167
3279
3382
104
123
5239
1910
110
3082
2422
123
8552
456
8251
4470
3210
456
6402
5457
5889
9333
2183
123
456
1194
123
9825
8540
6307
123
1511
3412
4396
123
7458
456
2115
123
1605
5628
8478
123
7290
123
4670
5288
7116
8302
109
7721
123
8345
1945
5372
3884
8391
8946
3359
456
7100
456
4480
123
3992
8165
3203
123
5930
4347
1423
8570
6489
2366
2831
108
3607
123
1756
2174
123
9123
4385
456
4119
5056
3463
5325
456
123
4946
8677
108
5138
100
8129
123
456
5302
4893
5926
6447
109
7030
9183
9181
8035
2258
3084
7246
8741
3534
123
3742
3412
123
8281
456
5990
9845
456
3032
6890
2275
6730
2271
4272
123
4724
123
6512
7569
7555
6516
3322
5483
9874
1474
7136
8761
456
123
456
110
105
456
7872
9909
2191
456
3336
2989
456
3935
4886
7078
123
5152
456
4188
9043
6225
9122
5968
8034
456
104
9372
9353
2202
456
8708
105
6758
2213
6461
5351
5556
4548
108
5625
1086
110
5735
456
123
3742
4991
9239
4243
456
8457
6192
3085
106
7836
123
8454
6433
106
110
4036
456
1823
8277
2350
456
4549
123
123
3138
123
1158
108
1950
123
456
7990
7267
3751
456
110
5584
6007
6428
5069
3320
456
3182
7357
1962
456
123
6804
9606
123
123
3640
3704
6692
4584
9606
2852
5650
109
123
105
123
5041
8494
1753
7987
123
6370
107
8323
1071
106
3625
456
2762
456
6314
2190
5705
100
1427
108
7729
106
8106
123
4138
1615
4311
2959
9531
1763
456
4789
456
8039
4607
2350
2565
456
123
103
456
104
456
3100
5847
6506
7557
1084
2131
2023
1159
8189
1792
5285
4390
123
9929
8833
7666
9417
1046
8908
8252
456
123
123
123
7825
4905
456
6272
7948
123
2004
123
2434
100
6214
7636
1818
456
9802
2415
103
8331
105
2625
104
6887
456
3526
8690
107
110
4029
7433
1526
2431
7426
8113
5866
103
5858
106
7499
7922
3267
1899
5002
9320
4611
1940
7587
107
456
2053
7249
100
456
1319
7981
2327
5743
8268
105
9859
6108
8272
4232
1315
1573
2074
3842
105
8575
1527
105
9798
3028
456
7906
108
6827
7235
5868
2942
456
4404
4262
2218
123
3847
4592
123
3408
3413
102
2880
5829
3332
456
4295
5099
3219
8329
102
123
8794
1299
8018
7898
5244
7215
456
4835
2517
1146
8725
1108
456
106
3247
7854
4970
3219
2081
1397
123
4344
3638
123
6424
5945
2486
8888
9157
4191
123
6885
2332
3093
456
456
4661
456
4689
1825
3379
5746
1786
5669
4216
107
5362
1809
3518
4238
6957
456
3830
3034
8972
123
8623
5673
6408
106
9722
1284
6057
2846
102
6027
2145
1774
6136
6835
7927
8735
8556
456
8145
8222
123
9461
102
4087
106
4275
456
5778
2281
123
1353
123
1536
123
1049
3479
456
7604
6915
123
1175
2639
123
4829
103
7368
456
456
109
3126
5917
1803
110
123
3423
456
5147
123
3301
456
123
2002
3680
105
7666
6815
2592
123
2245
9491
8504
109
5755
5993
2212
5932
5896
4925
9995
2173
123
4544
123
3004
456
123
123
1850
106
5819
123
105
8196
9745
7793
7070
6226
123
123
8461
2478
6573
2518
8622
8010
123
4524
110
1438
7522
9913
9028
456
4147
1445
9706
1964
123
7771
456
2971
1708
4108
2623
7649
9184
456
4183
3329
456
9796
8010
1462
5622
123
8752
456
5133
1136
2551
1577
3699
5963
9433
2574
2928
101
9616
2255
7462
7014
7505
456
1284
9160
9279
102
4007
9007
110
3760
456
108
1964
2143
456
103
8279
9203
6563
6018
2590
3865
100
456
123
1558
3440
3758
123
3731
5051
106
7393
1774
7406
101
8563
123
1285
9899
106
9812
2825
2630
456
123
123
456
6543
1353
9570
456
456
9164
110
123
6069
7211
456
3161
9853
123
105
123
123
9189
8366
8199
7154
103
456
7291
4685
6638
2430
1437
1669
2439
123
8266
9780
6587
5700
3707
2679
7372
456
456
7320
456
1443
8189
123
123
107
1272
6888
4226
6369
109
1643
456
3118
3489
2495
4957
101
456
456
6178
3520
9291
2953
6887
3857
456
6020
123
108
6721
8133
3356
6715
1446
7729
9847
7043
3633
5943
456
2620
7992
5352
104
8318
3410
7477
1961
110
7840
7418
123
9308
8195
6786
6291
9535
101
9676
110
2013
106
5596
456
4687
102
456
5428
456
5336
123
456
6674
9779
4555
5604
2974
5310
9372
9874
1819
8532
1781
8614
3347
6284
6083
123
8721
5074
101
1980
5786
5868
123
9429
3804
4828
456
456
6935
1259
9091
5664
2195
2558
7071
2003
2115
123
5053
6733
5746
456
7684
123
3823
3549
8871
1842
5136
9618
8273
123
5760
107
2890
2688
4715
123
101
6308
6677
106
4981
6419
7738
123
456
123
123
4559
8205
1295
2777
456
4445
3900
9242
8256
104
3398
123
123
456
9680
456
123
9694
456
8880
123
8692
5548
1589
1885
3025
123
456
1847
8300
7478
6309
4584
9701
4595
6314
1982
1262
4854
456
3370
123
6496
102
8183
2750
456
2001
109
5657
123
8685
456
456
123
456
2511
2109
123
7793
8068
2031
6834
6639
123
456
456
123
8185
1317
1131
8052
1125
4377
3150
123
1456
2092
123
2734
103
8600
3446
1228
8728
3159
6624
1452
4943
456
4029
106
123
123
3914
6111
3983
7708
3686
107
3863
1773
6837
123
456
9989
4795
100
103
123
1691
6575
3927
8757
3358
107
3121
110
5535
8270
3372
456
8472
7451
456
2135
8919
1288
100
2572
5647
4760
456
4301
2883
6519
9932
7555
8779
8556
5303
456
8885
1705
3976
456
7043
7011
6752
8603
8734
7289
103
6967
106
7990
9533
7533
123
104
1110
6111
7742
456
123
6054
456
9987
9508
3973
3005
3940
6113
4542
100
456
7185
3354
1299
8338
5753
123
5911
8091
456
1072
123
7169
1246
9224
8098
6981
4782
456
102
8783
456
4722
6870
4623
4230
123
123
1816
4303
1800
105
2554
123
3853
1814
2627
2886
2975
9915
100
456
3946
5669
5931
5373
7183
2366
2493
2696
7741
3128
6780
3035
4592
6163
2525
4212
4926
5424
4267
123
3318
100
3899
4523
4033
5413
8588
108
8366
2806
456
8071
6894
7054
1829
6674
5104
7869
123
4487
6424
5320
1995
9917
7103
5167
8281
9614
8026
2901
7243
4539
9091
4088
7145
3258
4400
5694
101
456
3699
1116
108
1457
6728
5533
456
456
101
456
6196
123
6028
110
9216
123
4854
8804
109
5593
3681
103
5829
456
456
8333
1147
456
456
1682
6095
7626
107
6144
3012
4848
7590
9322
1792
6136
8995
456
3875
4771
3884
104
123
1064
3156
6227
110
1902
6726
5322
110
9446
6952
1183
5024
123
107
106
9125
456
8797
110
9683
456
6195
123
5954
9252
3277
9515
2441
9454
9099
4633
4213
108
3021
1412
3673
9368
1211
2651
3079
6073
103
456
2505
6222
456
4810
4626
1097
9976
123
1338
3498
123
5187
123
7365
105
7009
7887
103
2390
109
2216
2172
456
102
2900
5480
1410
1823
6014
4919
4817
456
456
456
7016
456
456
5376
6352
109
456
2247
8666
9575
6011
5742
6351
3330
4713
9758
123
456
456
123
2658
8450
3902
5729
8992
456
3032
108
6296
1258
4641
100
5346
7766
4679
7331
5849
8856
456
456
456
8399
5264
7295
2390
4391
123
1754
4749
5862
7407
6524
2503
456
2714
7559
456
8550
9038
2078
105
456
3794
8922
5109
456
4891
123
456
2171
6936
8202
1332
9248
2997
3294
106
5711
7070
456
123
6976
4799
456
102
2709
7808
5894
456
9220
6898
6175
456
123
6342
2191
1180
1742
4453
7437
9848
5991
2887
6320
6959
109
1013
104
123
4773
8852
456
5190
8416
123
9139
3608
4171
123
123
6839
123
100
4459
4670
104
6726
6936
103
5543
7797
5174
1354
123
2165
6545
8179
456
3452
108
8964
8374
123
9240
3819
108
8164
6695
3928
1663
5772
7826
2400
123
123
123
123
8011
104
109
1387
123
456
2928
123
2812
123
7104
123
4117
4795
7328
2929
7017
6597
101
123
5034
2470
3141
7385
8542
8295
1829
1556
6889
5902
2566
103
2849
6432
8651
123
106
123
3183
123
1194
6241
123
3428
456
1996
456
108
2845
2548
5359
7540
123
1627
6108
103
7481
110
5725
8006
456
6925
4986
4931
7823
2049
6284
4081
6697
7104
3721
3183
7938
456
123
123
5415
5951
5224
6870
2976
1208
456
106
123
6048
1197
123
2753
5304
105
1981
123
2286
123
456
109
6154
1178
123
2222
9931
6051
3194
8258
5918
7797
2269
456
7811
3710
6652
8890
8223
1108
102
1461
5868
4800
456
110
6172
1195
123
123
456
2241
123
123
5891
3179
456
123
123
5692
3856
2246
456
2901
123
9332
123
8399
123
7471
2955
123
2036
456
2877
9071
456
3473
103
8809
9101
4797
7405
6422
123
2270
2066
102
1049
8688
108
8075
6143
456
123
5948
105
3981
100
2865
123
8125
9744
123
4443
100
8357
4160
5985
5543
9779
2760
1242
9881
6672
3608
123
7692
106
9153
123
101
2391
9697
6487
3538
9502
123
107
8441
9204
123
3042
1669
8824
7879
8489
5036
7824
8062
101
6197
7897
5235
4010
123
5672
1336
456
3985
110
6231
4870
1277
123
8326
6077
123
9727
9457
3949
456
100
2343
1232
8907
6144
9525
4501
8326
2166
123
9569
3005
5141
3022
108
5817
7477
5396
106
456
7386
3865
6162
104
9438
7754
4725
3890
107
4993
123
3030
9336
123
456
8244
6087
7393
4029
1768
5616
9140
8189
123
123
8268
5100
2773
5625
456
7604
103
4678
3855
8928
123
3331
8451
6465
2313
7507
1867
6796
456
5177
8999
456
2685
456
6141
1539
3428
3001
6404
2414
9523
1230
1321
5652
123
123
7839
8646
6706
123
6099
109
3019
2657
4489
9877
6053
123
456
2084
6979
6180
456
3743
1854
456
123
5297
123
456
3672
123
7900
123
456
6159
9121
456
456
5888
4661
7687
7707
1264
5135
2626
7397
456
5544
2152
1775
9110
6725
1770
9499
6150
123
456
2536
456
106
8711
3619
104
1767
2661
8298
1852
9166
9790
6183
1352
9379
104
100
456
456
9148
8015
8121
9735
104
1221
3755
123
3143
123
8775
8153
4908
9582
4721
5756
105
1962
6533
123
102
9286
9548
6649
101
123
1959
4630
123
5777
5486
456
106
7563
3232
101
7735
1273
123
9669
6023
8916
5172
7731
8824
456
6046
5438
5578
103
6942
105
123
4457
3877
107
4106
1064
8677
9447
5496
4703
2072
456
123
8470
5744
4264
456
456
8248
123
1365
5370
123
7086
2919
4684
6048
123
7973
456
9372
1090
7354
107
5720
9585
2362
6322
1003
456
6763
5243
4599
8443
4532
107
9353
102
2391
1224
9200
2577
9249
6281
5918
7782
6971
456
123
4895
2159
123
9875
7617
7541
9657
7750
456
4603
2617
8001
8533
2406
456
3259
4865
3531
109
7912
456
5001
5178
8194
456
1452
103
4618
7520
456
104
2383
7929
7115
8767
123
3107
1277
6494
2781
123
9428
456
8437
5973
100
3503
456
5144
123
7106
8445
5993
456
4069
8068
8803
103
103
4886
123
8281
7743
9343
6253
456
123
456
2562
4374
1683
9360
108
9998
3269
456
3307
6789
9828
1942
103
6412
456
5452
6712
6407
5430
2996
2573
4813
101
8107
456
110
456
105
106
1004
456
8794
6889
9278
7953
7304
456
1604
3232
5510
1691
2278
9094
101
8968
7426
3735
456
6789
3183
107
1698
456
123
7693
2733
456
6965
5069
9532
2261
123
4363
123
123
7013
2528
4027
6488
123
456
123
107
456
5612
8664
9712
3305
1615
456
1181
2399
123
456
7905
3933
1712
2688
7643
1873
123
8104
5338
4769
6113
5152
7757
106
5765
1959
7880
6873
2473
5781
123
6668
123
123
5898
4510
8317
456
7993
9445
6013
6293
9427
2296
104
4822
1429
9727
123
4647
5077
456
3268
3091
102
8831
2719
2779
3165
1230
9139
104
4999
5003
456
7514
5141
123
4100
6655
2995
2533
4179
8981
456
8793
2480
7138
123
123
123
123
456
456
107
5686
6305
1049
6441
4883
2489
9206
8363
108
9168
109
6469
4758
110
5733
8940
456
8048
4157
5068
3943
1991
456
3884
9458
9064
9930
4722
2743
7900
8832
4449
6428
8008
7737
123
8704
2043
5786
7128
4847
109
456
2557
8877
2799
2654
456
456
4375
8556
6126
5902
8435
5131
456
107
7410
2259
8388
456
6101
3319
3461
9059
102
107
6027
2811
6835
456
9925
456
123
107
1738
3299
8035
9267
123
100
1773
1986
5220
4774
123
3636
9812
8020
2985
3571
123
6166
4079
104
456
456
4697
2906
4030
2894
456
9261
456
9074
7066
4130
4989
2269
456
104
104
9820
3196
7764
100
4207
123
2324
6971
7734
2918
8489
101
6230
8863
123
5869
4776
9535
456
123
5839
103
4258
456
3570
8602
3289
456
1778
2968
123
4978
456
6760
456
5091
7591
8973
3929
8000
2267
8773
4914
3407
5763
456
103
8552
123
123
6194
123
7209
1040
8721
8078
456
7460
7356
2626
6087
6925
6478
1294
5649
4218
100
5728
123
2585
456
123
8750
123
6745
103
3426
1299
102
8778
4466
5168
9323
105
3843
3434
4443
3697
7709
123
456
5885
456
6207
2259
456
6901
123
2911
6122
9911
8817
4558
2379
2256
1592
3546
8595
123
6694
102
9100
4513
6709
1095
8613
456
103
9191
456
9188
456
9887
456
5108
8969
103
7158
8702
8167
3820
123
8247
1145
9539
2065
8911
6103
456
106
1298
123
6097
2252
4020
1345
100
4772
6505
6292
3651
123
123
8732
6141
123
1489
456
4996
1907
110
9122
2947
6318
456
123
123
100
105
123
4229
7486
106
456
123
108
123
7140
123
6038
1570
456
7094
5742
5632
123
9579
6999
2038
456
3863
1482
456
102
8459
4679
6227
3170
7620
6580
100
8402
123
456
7517
6156
123
5583
6852
8954
456
2055
123
456
9982
123
7660
5836
7164
1955
4723
456
5635
6299
2125
4033
7710
456
1691
1938
101
8075
6697
2019
456
7593
123
3469
6485
6945
108
110
123
123
123
2844
100
8328
9319
103
7476
6081
456
7951
5817
8816
7118
7594
123
5027
4341
7298
7704
2965
5940
5234
123
6099
4021
8655
9597
105
9077
4593
2805
5693
123
3542
1640
2000
4308
1807
106
1692
9838
3273
3635
6554
9629
2759
5142
7798
8189
123
456
1965
5948
3460
4706
9583
1784
110
9615
6213
456
4275
8584
3897
8691
123
8892
3878
1190
8406
6607
123
110
107
3441
8858
3981
5485
8442
9369
456
3923
2029
8969
5833
123
9121
456
123
1378
4204
8312
8173
9639
8721
8496
1464
7509
3506
2238
6171
7333
101
123
6894
456
5748
456
456
5864
109
4081
8347
123
1882
2144
6941
3900
104
8980
7723
123
107
2438
2562
456
1192
8433
1429
8715
2072
456
3317
6505
6943
1719
2636
7006
3362
123
8436
3729
123
3365
456
7923
8423
8973
456
6803
6618
9737
6450
7110
3440
7975
2680
7065
456
1569
8701
1346
106
8962
7723
5959
7017
8108
7114
2684
3389
4974
123
456
8804
456
123
123
7104
456
4101
7091
123
8059
7807
3683
3339
1880
5255
3021
456
3559
4533
6840
1136
5565
6607
5488
7148
9285
3260
103
4679
7609
456
4540
456
5443
1829
106
2978
4034
7312
8349
3408
4482
9013
110
7057
123
456
123
5558
4609
103
2738
123
8453
9677
2214
5743
456
106
1902
3185
123
110
7567
2291
110
5496
9168
456
107
104
2468
5898
109
123
8052
4242
4222
4482
456
7881
7011
4817
456
6197
1523
7423
7965
8696
110
6442
4462
3694
9110
3811
6562
9923
123
1273
6339
4625
456
5720
123
9844
123
2354
456
8898
456
456
9584
456
1396
6879
104
9707
6909
8816
123
3308
7300
123
5256
5097
2448
103
8216
5482
105
123
4803
6727
2915
7732
123
7505
123
4935
6888
456
8836
6089
3502
1691
1252
3693
4656
2753
3827
7183
6742
9233
6253
6592
456
456
6723
456
8772
7294
9090
123
105
9030
5860
123
5260
106
3084
123
8898
6154
4293
2137
104
123
7781
9710
101
456
3148
5482
8967
7974
7284
5792
3372
104
2254
1808
3368
5250
102
2257
4081
123
5179
9021
456
8669
5395
5526
7507
3655
456
1969
1213
123
105
5549
6289
456
4316
5524
9671
123
2053
123
456
8607
4043
9369
5203
2665
3327
456
2242
5075
6959
3373
456
9968
456
6559
8330
6195
3814
456
9407
456
103
4885
1499
9598
7434
4308
9036
3281
2221
4187
3408
3470
110
108
456
123
4698
2459
2995
1429
5046
103
456
7571
4952
3131
6103
5123
4575
107
3047
6552
8496
107
123
2774
7871
109
456
1599
106
4300
6276
9079
3912
123
101
123
7169
8364
8591
5059
123
4093
8383
1795
107
456
7162
123
6171
4286
1894
1032
2187
109
456
5165
123
2410
123
123
2739
2046
456
456
123
8418
456
8099
3476
8434
2533
103
2296
123
456
456
6575
9900
3822
1581
105
456
123
2703
7117
4740
6583
2043
1355
2687
9885
4197
6918
7419
5518
4463
123
456
4364
3817
2786
8137
6973
6348
100
2435
1356
9381
7103
123
8530
6717
6850
2089
456
4537
456
456
3593
4947
123
456
2095
103
7172
109
9656
123
123
7409
3906
2179
5446
456
6482
7226
456
9368
8571
456
2389
1379
2911
7083
7854
5521
456
456
5777
1917
4079
8926
456
104
104
102
3826
9110
123
104
8902
123
8180
123
4860
103
6300
8460
456
3024
123
1854
4604
6792
2979
106
4260
456
7405
4331
7018
3372
2409
5570
1248
1735
3644
2022
9863
6517
5029
1180
2899
8346
9965
5665
5282
3987
123
456
1426
9273
9296
456
6384
123
2301
456
8653
7839
3434
1929
5635
6512
5775
9776
5935
9680
4709
5415
123
123
2619
105
102
9877
9440
123
3578
102
7216
456
2304
2760
2493
123
3888
6867
100
9048
456
456
123
9048
7193
4112
8422
123
1891
8380
9351
3826
456
1141
1927
456
3614
3612
3622
6948
8363
9471
9107
2587
107
5899
101
1018
7490
2498
103
2128
456
1629
2035
1117
5162
8316
7056
9439
456
456
456
108
456
6883
5526
456
7690
7756
5547
7869
103
3356
9573
3281
110
1241
123
7307
6121
9444
456
456
456
4319
102
101
123
7740
6714
101
456
1609
3375
2739
456
456
2742
456
3650
123
4047
456
7002
456
123
5139
456
123
8165
7121
4831
6457
4044
2786
456
2787
6359
6881
3483
123
5556
4910
3255
4729
1181
8534
9427
4004
9485
456
6659
7086
4229
109
4642
9957
5544
3916
7132
4355
110
5615
107
456
5890
7010
456
1064
109
456
456
456
107
123
1536
9042
3679
9465
123
2297
2029
123
123
123
3396
1474
7919
9831
2906
1870
3296
1123
456
106
8542
456
2348
9582
106
4844
5889
3727
2017
7402
456
3045
7093
109
6445
456
6988
456
109
6707
7715
6167
5656
1809
6156
1121
2399
1329
105
123
6683
7569
4405
6620
110
9075
456
3815
123
2344
8903
103
5796
4530
4112
123
1390
5666
5128
4320
1180
123
5295
2215
105
5634
1864
456
106
456
123
100
7739
123
6208
5912
5502
9899
2310
456
3024
7390
3952
9202
456
7204
109
1678
456
8292
8988
2136
8038
456
110
1454
6054
4946
6856
110
2594
123
2129
102
106
123
2845
102
9918
9125
9409
6879
456
5319
3203
123
2119
6260
1378
5919
123
3804
5390
9964
7341
123
9250
2071
456
6353
8746
456
6197
7114
1293
4761
9475
456
2308
110
456
456
123
5324
104
4423
3395
2119
8473
7743
100
9275
1002
4270
456
9642
101
1344
3054
9220
3755
8819
123
7203
4533
108
102
456
1240
2595
7605
123
110
2628
2702
9464
100
6092
5370
8594
8277
9917
123
7927
8814
123
9840
2383
2169
7113
456
456
9151
4503
7334
6745
9922
5666
6664
4608
123
123
6164
108
1131
9723
123
123
7032
7324
5237
100
456
1677
4130
5394
9623
1241
456
4815
123
8822
6288
2779
123
7748
106
6303
2280
9751
104
8817
2853
123
6990
4652
9889
6783
5438
123
123
9617
9141
123
108
4827
8778
8291
2232
456
123
456
4697
123
1133
6184
3557
123
3909
6943
456
101
4048
1926
9714
6154
6031
3033
3572
9627
1770
123
3978
456
2441
105
4484
1953
456
3316
4352
6786
110
5998
5015
1322
3267
7373
108
9951
3098
8920
4659
456
8410
8977
456
2714
5194
456
5158
456
8908
456
456
2570
6840
1533
6534
123
9778
2035
1057
3057
9196
5233
6298
6963
5710
2312
123
7522
9814
6747
6187
8181
1421
7777
1492
106
6835
3771
4175
6436
3841
8035
3621
1079
9312
8378
456
123
123
3591
123
123
2988
4635
456
123
2714
2366
1054
3130
3429
4679
123
4809
101
2115
108
101
8752
6410
456
3289
1806
123
123
1376
1208
106
4050
4003
7691
2686
101
9380
5561
9147
1041
7708
3199
7462
2494
1837
4921
110
106
5292
2510
3011
1649
123
109
123
109
3633
5614
6945
6704
4053
123
108
2686
4273
456
6951
3910
8280
1651
9358
7377
1204
8736
6411
3147
3021
5053
4754
7829
1603
456
5708
7631
7015
5265
9433
100
456
5807
5730
8494
1720
2668
5583
3147
456
456
2669
5575
1076
9982
456
456
6716
8250
7752
8768
5070
6754
9851
123
7844
109
123
2367
1214
3566
6813
7952
3308
456
123
2915
5822
6727
102
5700
8255
8635
8075
456
123
8101
108
7861
1882
123
107
2147
107
3120
123
123
4226
123
9035
5669
1454
123
3623
2013
456
6475
7612
8472
123
5232
8405
2024
2091
4667
2494
1496
9938
3225
123
2077
4610
2215
8227
4568
109
9154
102
456
123
7295
4310
456
100
7879
8843
6457
6559
6395
2862
3857
7761
7470
123
4081
8579
7912
5162
101
104
8564
3899
456
8018
5477
8069
3765
5413
6648
110
7711
5029
456
105
3312
123
6723
3046
123
8749
9034
104
123
9804
7691
7581
2707
103
105
4621
6707
123
3358
8609
456
123
456
123
123
123
8914
456
4027
8936
6668
8069
7617
4888
9047
456
8248
8371
123
4923
8274
456
104
6315
8072
123
123
6049
3751
4719
123
4348
110
123
4193
5041
8168
2525
8438
8594
3075
5101
5839
3087
6015
6415
9071
5412
7620
5778
8656
3115
123
7669
456
123
1800
104
4822
123
123
1770
4758
7328
456
1447
456
3261
6285
6529
103
7693
1184
8957
7511
4484
4608
6025
1617
6819
5275
456
3266
7061
106
104
2523
123
2258
123
5165
9386
7465
3187
123
4029
5534
456
6523
1076
4673
2346
103
4876
7819
456
4765
123
8393
105
5575
6033
456
6998
6808
3404
123
4476
123
4073
5443
5289
3511
8313
1151
5605
6556
3854
106
6611
2707
100
9670
123
6506
7160
9688
103
8546
2055
123
4024
6922
3430
9518
9045
6836
123
6501
1544
2221
2550
100
6794
123
4712
105
8967
9626
7070
9606
3986
8424
9364
7999
4642
104
9796
123
106
4724
2484
109
5184
2709
4055
1853
1224
9685
4726
2109
456
456
4377
9723
6083
3114
105
123
1717
123
102
123
1625
9747
8403
123
456
5877
456
123
123
456
7240
456
7860
7786
2303
4106
123
7396
3921
105
5044
4667
4055
5302
104
4520
1357
3361
2469
123
6501
9326
4063
6570
123
1860
109
100
8438
3300
4535
4790
7852
5255
7392
456
9806
106
2008
2993
123
8321
456
5398
2234
456
4306
2527
3980
4102
2174
109
3550
7702
9107
7387
1485
5236
4744
1215
456
8776
104
8541
3773
4693
456
7115
456
1836
456
456
4142
1880
6118
4529
7655
9177
6381
5373
5543
9773
456
1362
106
9305
2787
5451
123
2144
2218
7205
7749
1257
1628
7950
3388
4534
106
123
3155
100
7139
7636
123
123
123
5274
9067
1559
1741
6187
7817
110
4499
6113
8127
7972
1053
9921
456
123
9988
5382
5424
107
9907
123
8507
456
5174
101
7863
9651
3546
123
9872
6857
7820
8060
5162
5246
4373
103
456
102
6013
106
3920
9076
8312
9379
2275
3246
3173
456
4999
4521
4029
7728
5767
456
6817
5104
6673
4744
8699
3259
8552
456
6268
456
123
2846
109
2936
105
4291
8682
5452
7807
3780
1730
456
8819
1906
9830
108
101
2177
100
3961
1445
1226
6953
7807
2922
4742
123
8424
4481
108
7360
8254
6057
123
3078
123
5560
5396
7258
103
100
1426
102
456
6316
1067
5062
123
110
4137
9757
6728
123
3378
110
1508
8018
1892
1789
6069
6293
106
8993
7852
6903
7815
4177
110
9595
3232
7078
6627
456
123
7454
107
2929
5205
3258
6520
1153
6630
6434
4503
456
1238
5965
456
110
106
4488
5303
101
4679
4834
8536
4843
8653
110
4521
7804
5934
456
107
456
5808
7026
7693
1893
7365
123
3603
6337
9705
5138
5811
101
4600
2887
1526
8152
5453
4119
6644
7377
106
123
6356
3915
5122
456
3364
2700
1374
9595
456
7908
8099
456
6485
2352
9441
123
7596
100
7577
123
9879
8865
4958
4607
2092
456
108
5589
9806
3334
7430
8413
4058
102
9865
6054
105
1098
3557
9256
6067
6260
110
1418
5597
456
5176
5423
123
100
456
8564
7354
7952
9806
6310
101
9346
7376
456
3493
3489
123
3537
123
6195
3403
107
123
123
6994
7092
456
6515
7950
108
7624
5385
9597
5343
456
1530
9061
6084
9199
123
7641
9864
8922
9259
9325
7466
123
7170
4500
3659
456
106
456
5537
123
2097
456
104
4011
8070
102
9687
4578
123
8697
2840
456
9541
6710
456
4740
4924
8843
2249
6755
1023
7158
6277
6854
3018
5420
9131
8243
3071
9636
3921
9994
8238
9679
456
106
6033
2108
9600
5216
9762
2822
7575
8391
3809
4871
456
9695
8186
5911
456
456
9905
3743
1027
3591
3419
456
3135
123
456
456
110
109
8261
3275
3256
123
8500
5775
456
2870
2740
3062
102
7447
8246
8217
123
6722
456
123
456
123
2841
103
8547
4017
6267
1915
8196
456
2664
9323
9160
3836
3045
5810
456
8922
5700
9631
6563
8193
2404
123
4488
8490
102
3270
2821
9249
3831
4410
105
2773
2443
5830
5142
3692
5868
4607
6091
456
9858
456
6515
5045
6407
456
7412
456
1350
6198
6399
456
1432
456
456
5218
4076
9197
5646
4091
5329
123
3889
102
7415
7765
7020
4396
7497
456
4958
3127
6701
4212
108
123
5958
3059
3422
1069
5065
9766
1363
456
7533
5054
2100
123
6323
109
7098
123
7411
9973
6060
8233
4646
2690
1455
2921
4693
8768
123
1202
456
456
5036
3174
456
8591
123
7526
9160
7963
456
1021
123
7038
8640
4762
3816
9238
102
8065
2876
1222
2152
1098
123
5528
110
4500
4649
9211
5221
7185
7676
7302
9808
4085
101
456
7944
456
7635
2006
104
7571
7579
3465
104
9841
8595
2862
6215
123
123
5688
9454
103
4674
3227
123
8233
5683
4011
456
123
4178
1781
9681
3161
1662
8331
123
456
3763
123
8306
1573
2536
4453
9407
3599
3771
123
1409
9913
1491
5016
7394
4206
6152
456
456
9739
7217
4999
4891
4529
2414
3855
456
3454
7097
4326
9239
102
4364
8657
123
7338
3278
123
1757
3888
4013
9649
9642
2662
3905
6129
123
3772
456
7737
456
6510
3208
103
8561
5352
1098
2879
4556
456
7716
100
5319
7019
456
108
6583
106
456
8692
4635
8308
8506
3528
7318
4085
1576
2460
8004
3988
456
3485
8446
123
456
106
3186
3385
103
8865
1034
8033
123
6418
4371
4462
9306
2625
456
3950
9277
9196
8464
108
106
6923
3568
7752
109
101
7502
123
100
123
4208
123
2316
9344
456
3713
5756
2603
123
4849
1649
2501
2589
4338
456
9349
123
1812
5654
6955
6409
104
103
456
8975
6675
2778
9851
7128
7788
1350
2671
4357
8593
5302
1365
5340
102
123
123
4382
123
1611
3323
3362
456
9260
3407
6929
123
456
6568
8288
6324
2307
7489
5578
9176
9342
107
9963
5244
3662
1285
110
3913
3635
9340
123
9509
6500
1370
123
5394
6836
6533
4873
1495
456
456
5472
5959
5690
108
1310
102
9223
8966
6969
6596
6223
4278
456
3514
8234
7325
5551
2135
2525
8770
123
7782
3387
7264
2050
2807
3342
8775
456
108
7118
123
4332
100
2570
1298
123
2453
456
7970
3329
456
9029
8535
3218
8219
8409
3975
4958
2051
123
7464
123
2980
3929
1115
5964
123
106
6619
8786
8652
5502
9567
123
3163
101
7411
456
4569
1813
4078
6243
2474
123
9513
2526
6874
456
7101
2890
9505
456
7808
2634
456
109
123
8215
2236
106
4102
456
6552
9511
5901
8319
5417
456
9466
4963
9174
102
1941
8389
4392
6622
7166
4679
6825
4084
3759
8495
2405
3240
3469
456
6225
456
123
2293
7025
3338
123
7437
456
456
3677
4821
100
105
100
6086
5257
123
5636
4393
1324
8989
4701
123
7586
3744
5731
123
7398
6180
6241
1946
7302
4307
9770
1697
123
9164
2030
108
100
6752
9783
104
7222
456
3685
8916
1402
456
4482
123
9555
2291
9600
2985
3685
5029
2970
9349
2957
8245
6865
7566
9919
8994
3484
456
4007
9941
100
102
456
456
2173
456
6077
4409
6098
123
103
8323
5442
6790
5267
8461
456
456
456
3771
8053
8202
104
3072
123
8279
8321
9994
7313
7945
7318
103
3939
8007
8906
6742
123
103
8016
1044
4310
9355
1466
456
123
5566
106
8749
108
3512
9365
3237
123
7108
8885
7847
5233
1243
101
3746
6253
4451
3519
4472
123
7661
4465
1045
4958
7370
456
3322
123
8221
5462
110
102
9436
6993
3345
4415
456
2983
108
7590
123
123
123
5977
456
5298
9521
5438
8666
3830
8162
1697
7474
1536
6029
5356
8886
104
5287
3482
6353
6283
6409
3204
5054
123
3400
4970
6214
109
2722
4193
123
123
8602
2022
1875
9496
8684
9366
1954
7495
9425
1395
2110
5971
9899
7017
2580
9184
3913
4943
110
1262
4903
108
7193
5383
108
2931
9643
4361
109
6656
104
123
6465
7170
2836
1769
3171
5948
9094
9095
6108
4463
9078
4510
7044
1339
456
3780
8510
456
7945
8223
9335
7939
7621
1282
123
123
9978
3459
6310
123
101
6753
456
3344
8006
101
7290
3116
6274
456
456
3951
6249
123
3863
8383
102
4296
1366
456
3511
123
123
4998
4821
3343
456
5178
5044
5813
5542
456
8396
2285
123
6823
8999
8157
5953
123
7697
1432
6120
9812
7980
6489
6563
5981
123
5566
103
2693
8175
6089
1574
9364
6082
4478
2934
456
2887
123
3379
456
8143
456
8509
4979
7481
8451
123
3047
8088
8261
2715
3372
101
456
1599
101
7452
9954
4589
5744
7557
3183
109
103
123
3641
8266
123
1560
5742
1260
3505
5888
8916
7909
9596
105
7920
2970
6898
100
123
8330
1890
4415
6544
5628
8519
9568
123
6135
3893
1526
2912
2614
6535
8825
4738
9042
8065
9874
7519
5423
8485
2152
456
456
456
123
4321
5414
7898
2160
5495
456
3171
105
6069
4871
2666
106
123
109
8382
5940
107
106
456
4347
6791
6782
456
7839
4055
2657
4238
2188
4380
6930
123
4716
456
123
9114
1667
2759
6341
123
107
110
6370
9708
6840
7591
4468
6874
102
105
106
2770
123
6824
105
2913
9787
456
6848
2980
9769
7245
6234
6532
6345
1688
123
6228
1835
6541
105
8310
3957
9368
7966
4788
1626
100
456
1899
3601
8454
3610
1477
1668
4568
4566
456
4702
7780
3916
1077
2780
4973
8700
123
1203
123
8147
7421
5693
5366
1231
7678
456
123
8582
9021
123
8137
5808
8752
2828
2581
6021
123
8357
6296
5029
4572
8626
8598
6490
8986
1346
1358
456
9396
8719
1182
3106
106
3341
7398
456
1721
1817
6471
456
3091
9321
2703
456
5402
8223
7204
456
107
5121
456
6215
4019
123
9932
456
2220
9405
100
3248
1133
7778
103
9031
9014
3347
105
456
8857
3734
110
3760
4729
6763
8551
3624
5960
5819
6009
7358
2574
456
123
3201
109
6131
5625
104
7802
109
9693
6177
3455
7856
123
1902
2876
106
456
6601
3510
456
9340
3884
123
7911
6304
456
5482
456
2896
3077
1698
3639
6484
8832
6200
9130
456
2002
1386
5258
8389
7824
123
5270
8923
5580
2654
5058
5895
7873
3871
2344
456
3565
7865
9583
9980
107
6937
456
4906
2183
4908
8575
6496
2058
6367
6649
9978
3201
123
5843
7889
5562
5076
102
7768
3868
2401
123
2119
8139
123
6607
6544
7553
1146
7516
8100
4439
4009
4926
456
7666
8386
123
2404
7774
8671
9422
8805
1292
103
1535
3723
7686
8509
6994
456
100
8987
3953
123
7159
8122
456
4852
7613
1132
3584
103
7870
3014
4672
123
5555
456
5484
3546
2775
9924
110
1345
8315
456
1896
1393
103
7714
102
7570
6620
100
7414
7177
456
8222
5538
6909
4614
456
1441
1296
6758
2700
105
123
107
9504
7716
4752
6556
456
1555
4371
7832
5628
9503
2021
456
2831
456
8823
456
4597
1550
106
9983
2291
123
6821
1978
5287
123
7828
456
456
2977
3608
9569
456
3449
4059
4814
100
1277
2115
8606
8836
456
123
7252
123
456
2281
1284
5551
109
456
9435
101
6698
9058
456
7456
5278
3653
3661
110
6290
456
1922
107
9805
4421
6693
7885
8526
8429
456
103
9874
6788
6020
2676
4866
123
110
456
5296
9375
456
2506
7414
5708
103
4033
102
456
3956
9193
2188
103
7673
8781
123
6366
7036
8331
105
2827
3747
456
9162
5855
6972
110
6031
7152
123
4839
5116
456
6829
106
1816
8768
3117
456
3308
123
3755
1751
6056
104
1368
2636
1332
3116
6709
2367
456
6548
1736
7278
8869
109
7211
5288
123
5857
3594
5571
3766
3723
4892
7357
9202
9502
456
5729
456
123
456
6111
107
123
3407
456
456
123
5693
6305
5871
7424
6649
2977
456
9826
5133
123
123
2840
107
3158
6397
456
456
9069
456
456
109
4754
3232
123
123
2409
456
4545
456
3534
2655
7918
123
5714
3226
4944
101
8842
5271
8027
5564
123
123
8373
8053
9780
456
4484
123
5682
3723
101
1815
6802
123
123
103
8299
7947
8683
9148
9817
6591
7714
5283
110
100
106
100
7243
3275
456
123
3354
8295
105
110
5690
104
123
3965
1788
105
6897
2362
123
4609
6949
123
9399
9437
3024
4605
8126
3513
123
4619
4323
5051
9475
5544
456
456
4697
6863
5645
1856
4288
123
7674
5063
5309
4536
5398
6496
7227
103
6904
4782
2339
8524
3300
123
9822
7104
4055
101
6820
123
9891
108
6641
9404
3161
3026
3546
7749
123
4585
123
456
7635
9813
1521
3479
8538
456
7091
1163
4512
2175
123
9787
3950
2416
5756
456
105
6757
4195
4587
3498
4498
4820
456
5564
6609
4721
2449
5148
4081
123
8843
5785
4477
6045
102
2335
4389
456
456
123
3613
123
123
3893
7498
4177
123
3229
105
456
4486
3483
1405
4988
456
4060
123
3287
103
2497
4171
7121
4983
123
5492
7086
1963
101
104
123
123
101
123
123
105
123
105
101
4970
2223
6672
9273
6510
1753
5168
123
7145
456
123
3438
2820
8014
100
4937
4574
6444
8027
4142
3203
2923
6716
7534
1166
9988
7157
7965
3012
2912
9074
5173
1120
102
9205
4904
456
9474
3412
123
108
123
1632
123
3525
110
6359
6917
8060
3685
456
1822
8269
1138
123
103
456
7105
5713
3700
123
9975
5426
100
103
3813
6486
123
123
9252
3691
6075
6465
123
456
7994
4910
4363
456
456
1222
3387
456
1153
9681
8089
8366
103
7455
6020
3225
4815
106
4927
5658
456
456
8036
110
8878
106
456
3019
5080
105
1332
2210
1818
9800
108
123
5741
4998
123
1901
456
4720
2424
8604
4757
106
109
100
9647
1580
3593
1544
9188
102
3438
123
456
106
2225
4652
123
4249
7412
9041
8025
123
9145
4236
7376
4977
105
456
5376
123
1267
4787
107
123
456
7670
3877
2832
4969
7955
8012
1708
9023
6518
9926
3133
6338
5209
6438
107
9897
1843
1690
1286
123
6454
3564
2277
6721
5464
3533
9863
2407
8531
123
100
2723
6020
6450
8253
456
7865
105
4711
4322
456
3409
9568
456
5756
7201
4220
456
7977
5898
104
9654
5002
456
4248
104
9585
7918
8189
4912
123
4906
456
7231
456
106
1873
456
9627
123
3019
3453
107
6730
4672
2438
1810
6851
103
108
8026
9856
8548
6763
4682
103
7734
9074
123
6292
9808
4583
5527
2996
123
110
456
123
7454
2900
8723
4569
456
9454
101
3106
7440
2451
6885
4514
1113
100
7925
3428
5727
5837
5066
4966
4054
2799
8504
2783
105
456
1405
7061
7057
2002
456
2138
8991
1346
109
7515
6426
9271
456
8657
7609
123
123
4325
123
123
3729
8037
123
105
6563
4977
123
1822
9733
102
3068
456
2008
1609
4002
5145
6760
7482
4732
6996
4614
2425
2687
5558
108
2633
123
4933
1116
456
9789
2553
1872
456
5465
5219
8104
2578
4101
123
1494
106
9936
5636
8265
456
456
456
9199
3001
7335
1968
7955
123
9659
3641
456
4226
7614
107
9780
456
6339
456
1445
9360
106
456
123
456
456
123
5873
123
456
4228
6248
4601
2424
123
123
2869
2907
7952
7015
4616
5709
101
6603
456
456
1254
7189
3519
9021
7401
456
5051
9217
1923
4401
7139
1385
6403
9508
5810
456
2008
4344
6028
9049
2039
456
2033
104
9725
4147
5122
123
9895
123
9317
7120
104
109
100
8197
103
4798
1833
4308
8806
456
105
6676
6072
3771
