100
100
100
100
100
100
100
100
100
100
100
100
100
100
100
100
100
100
100
100
100
100
100
100
100
100
100
100
100
100
100
100
100
100
100
100
100
100
100
100
100
100
100
100
100
101
101
101
101
101
101
101
101
101
101
101
101
101
101
101
101
101
101
101
101
101
101
101
101
101
101
101
101
101
101
101
101
101
101
101
101
101
101
101
101
102
102
102
102
102
102
102
102
102
102
102
102
102
102
102
102
102
102
102
102
102
102
102
102
102
102
102
102
103
103
103
103
103
103
103
103
103
103
103
103
103
103
103
103
103
103
103
103
103
103
103
103
103
103
103
103
103
103
103
103
103
103
103
103
103
103
103
104
104
104
104
104
104
104
104
104
104
104
104
104
104
104
104
104
104
104
104
104
104
104
104
104
104
104
104
104
104
104
104
104
105
105
105
105
105
105
105
105
105
105
105
105
105
105
105
105
105
105
105
105
105
105
105
105
105
105
105
105
105
105
105
105
106
106
106
106
106
106
106
106
106
106
106
106
106
106
106
106
106
106
106
106
106
106
106
106
106
106
106
106
106
106
106
106
106
106
106
106
106
106
107
107
107
107
107
107
107
107
107
107
107
107
107
107
107
107
107
107
107
107
107
107
107
107
107
107
107
107
107
107
107
107
107
107
107
107
107
107
107
108
108
108
108
108
108
108
108
108
108
108
108
108
108
108
108
108
108
108
108
108
108
108
108
108
108
108
108
108
108
108
108
108
108
108
108
108
108
108
109
109
109
109
109
109
109
109
109
109
109
109
109
109
109
109
109
109
109
109
109
109
109
109
109
109
109
109
109
109
109
110
110
110
110
110
110
110
110
110
110
110
110
110
110
110
110
110
110
110
110
110
110
110
110
110
110
110
110
110
110
110
110
110
110
110
110
110
110
110
123
123
123
123
123
123
123
123
123
123
123
123
123
123
123
123
123
123
123
123
123
123
123
123
123
123
123
123
123
123
123
123
123
123
123
123
123
123
123
123
123
123
123
123
123
123
123
123
123
123
123
123
123
123
123
123
123
123
123
123
123
123
123
123
123
123
123
123
123
123
123
123
123
123
123
123
123
123
123
123
123
123
123
123
123
123
123
123
123
123
123
123
123
123
123
123
123
123
123
123
123
123
123
123
123
123
123
123
123
123
123
123
123
123
123
123
123
123
123
123
123
123
123
123
123
123
123
123
123
123
123
123
123
123
123
123
123
123
123
123
123
123
123
123
123
123
123
123
123
123
123
123
123
123
123
123
123
123
123
123
123
123
123
123
123
123
123
123
123
123
123
123
123
123
123
123
123
123
123
123
123
123
123
123
123
123
123
123
123
123
123
123
123
123
123
123
123
123
123
123
123
123
123
123
123
123
123
123
123
123
123
123
123
123
123
123
123
123
123
123
123
123
123
123
123
123
123
123
123
123
123
123
123
123
123
123
123
123
123
123
123
123
123
123
123
123
123
123
123
123
123
123
123
123
123
123
123
123
123
123
123
123
123
123
123
123
123
123
123
123
123
123
123
123
123
123
123
123
123
123
123
123
123
123
123
123
123
123
123
123
123
123
123
123
123
123
123
123
123
123
123
123
123
123
123
123
123
123
123
123
123
123
123
123
123
123
123
123
123
123
123
123
123
123
123
123
123
123
123
123
123
123
123
123
123
123
123
123
123
123
123
123
123
123
123
123
123
123
123
123
123
123
123
123
123
123
123
123
123
123
123
123
123
123
123
123
123
123
123
123
123
123
123
123
123
123
123
123
123
123
123
123
123
123
123
123
123
123
123
123
123
123
123
123
123
123
123
123
123
123
123
123
123
123
456
456
456
456
456
456
456
456
456
456
456
456
456
456
456
456
456
456
456
456
456
456
456
456
456
456
456
456
456
456
456
456
456
456
456
456
456
456
456
456
456
456
456
456
456
456
456
456
456
456
456
456
456
456
456
456
456
456
456
456
456
456
456
456
456
456
456
456
456
456
456
456
456
456
456
456
456
456
456
456
456
456
456
456
456
456
456
456
456
456
456
456
456
456
456
456
456
456
456
456
456
456
456
456
456
456
456
456
456
456
456
456
456
456
456
456
456
456
456
456
456
456
456
456
456
456
456
456
456
456
456
456
456
456
456
456
456
456
456
456
456
456
456
456
456
456
456
456
456
456
456
456
456
456
456
456
456
456
456
456
456
456
456
456
456
456
456
456
456
456
456
456
456
456
456
456
456
456
456
456
456
456
456
456
456
456
456
456
456
456
456
456
456
456
456
456
456
456
456
456
456
456
456
456
456
456
456
456
456
456
456
456
456
456
456
456
456
456
456
456
456
456
456
456
456
456
456
456
456
456
456
456
456
456
456
456
456
456
456
456
456
456
456
456
456
456
456
456
456
456
456
456
456
456
456
456
456
456
456
456
456
456
456
456
456
456
456
456
456
456
456
456
456
456
456
456
456
456
456
456
456
456
456
456
456
456
456
456
456
456
456
456
456
456
456
456
456
456
456
456
456
456
456
456
456
456
456
456
456
456
456
456
456
456
456
456
456
456
456
456
456
456
456
456
456
456
456
456
456
456
456
456
456
456
456
456
456
456
456
456
456
456
456
456
456
456
456
456
456
456
456
456
456
456
456
456
456
456
456
456
456
456
456
456
456
456
456
456
456
456
456
456
456
456
456
456
456
456
456
456
456
456
456
456
456
456
456
456
456
456
456
1004
1008
1008
1009
1012
1014
1017
1017
1020
1022
1022
1027
1031
1037
1040
1040
1042
1042
1044
1046
1057
1058
1058
1060
1060
1063
1067
1071
1078
1079
1081
1084
1084
1087
1087
1090
1096
1096
1101
1102
1108
1109
1114
1118
1118
1120
1124
1125
1126
1132
1140
1142
1142
1144
1145
1148
1157
1157
1159
1160
1166
1166
1171
1176
1177
1190
1191
1193
1195
1198
1199
1200
1208
1213
1215
1216
1217
1217
1218
1221
1226
1226
1232
1239
1244
1252
1253
1255
1272
1272
1272
1276
1278
1279
1285
1289
1299
1302
1304
1304
1308
1309
1310
1310
1315
1319
1319
1320
1324
1325
1327
1327
1329
1332
1335
1344
1346
1347
1357
1359
1378
1382
1384
1388
1390
1395
1401
1403
1412
1414
1417
1419
1428
1429
1437
1439
1441
1442
1442
1459
1464
1467
1468
1469
1471
1472
1475
1484
1487
1488
1492
1492
1493
1495
1499
1499
1500
1501
1503
1510
1513
1515
1519
1521
1527
1529
1531
1539
1539
1542
1544
1547
1552
1559
1561
1569
1569
1575
1576
1578
1585
1587
1590
1596
1597
1598
1601
1601
1607
1608
1612
1612
1625
1628
1637
1640
1641
1642
1643
1643
1644
1645
1649
1664
1665
1669
1670
1679
1679
1681
1681
1686
1690
1692
1698
1703
1705
1716
1718
1721
1737
1737
1738
1740
1742
1746
1747
1747
1755
1759
1762
1763
1767
1769
1772
1773
1774
1775
1782
1787
1792
1795
1797
1799
1801
1808
1808
1812
1813
1813
1813
1816
1817
1819
1823
1825
1828
1829
1831
1833
1840
1849
1850
1859
1866
1866
1870
1871
1880
1881
1882
1888
1888
1890
1892
1893
1898
1903
1920
1924
1927
1927
1927
1929
1930
1932
1946
1947
1950
1952
1952
1953
1957
1957
1958
1974
1977
1977
1982
1983
1983
1988
1989
1990
1994
1994
1996
1999
2002
2004
2014
2016
2021
2024
2027
2028
2030
2031
2032
2037
2038
2042
2043
2047
2049
2052
2060
2063
2064
2065
2065
2066
2070
2072
2073
2073
2084
2086
2092
2102
2104
2105
2107
2111
2113
2114
2117
2119
2125
2133
2138
2140
2141
2152
2158
2165
2166
2168
2168
2171
2172
2175
2176
2179
2180
2181
2182
2183
2184
2191
2191
2198
2204
2216
2220
2221
2223
2225
2233
2233
2241
2241
2241
2242
2243
2243
2247
2248
2255
2261
2263
2265
2267
2270
2271
2275
2277
2278
2279
2282
2288
2289
2290
2294
2295
2295
2300
2302
2308
2318
2319
2324
2325
2327
2328
2330
2343
2348
2354
2355
2357
2361
2368
2370
2379
2382
2391
2395
2399
2401
2408
2408
2409
2417
2418
2419
2420
2421
2428
2429
2429
2431
2438
2440
2440
2440
2441
2441
2446
2446
2447
2449
2451
2454
2455
2455
2461
2462
2466
2474
2477
2479
2481
2488
2489
2489
2490
2491
2492
2492
2494
2496
2497
2500
2500
2505
2505
2508
2512
2513
2521
2526
2528
2529
2530
2533
2533
2536
2537
2539
2539
2541
2541
2541
2541
2542
2544
2547
2549
2554
2558
2559
2560
2560
2561
2581
2602
2603
2603
2607
2610
2611
2616
2617
2619
2623
2624
2645
2652
2657
2657
2657
2659
2660
2663
2664
2665
2668
2671
2673
2675
2678
2682
2685
2686
2688
2688
2688
2688
2689
2693
2696
2697
2703
2704
2705
2706
2707
2713
2713
2715
2715
2717
2719
2721
2727
2729
2731
2736
2738
2738
2742
2757
2759
2763
2771
2774
2774
2783
2784
2785
2788
2791
2791
2791
2793
2800
2811
2814
2818
2825
2826
2831
2833
2835
2839
2839
2847
2848
2849
2850
2851
2853
2854
2856
2861
2861
2863
2865
2865
2879
2886
2890
2895
2896
2898
2898
2900
2901
2905
2906
2907
2909
2918
2919
2919
2922
2925
2928
2929
2930
2935
2940
2942
2942
2942
2943
2944
2947
2953
2955
2963
2968
2970
2970
2974
2981
2983
2999
2999
3000
3000
3004
3007
3012
3014
3014
3018
3020
3022
3026
3031
3035
3038
3042
3044
3048
3049
3050
3055
3057
3068
3068
3069
3072
3088
3095
3099
3100
3102
3108
3120
3120
3120
3127
3134
3138
3146
3147
3149
3157
3158
3158
3162
3162
3164
3165
3170
3172
3174
3176
3182
3187
3188
3191
3191
3194
3195
3197
3201
3206
3206
3206
3209
3217
3217
3221
3221
3224
3231
3234
3239
3240
3245
3245
3250
3258
3258
3260
3261
3264
3264
3267
3269
3271
3274
3287
3294
3296
3300
3301
3305
3305
3305
3307
3323
3324
3337
3341
3342
3342
3344
3346
3347
3359
3361
3363
3366
3366
3367
3378
3379
3388
3392
3401
3401
3401
3402
3405
3406
3410
3410
3411
3414
3415
3419
3422
3423
3431
3432
3436
3438
3441
3442
3453
3453
3456
3460
3469
3469
3471
3472
3473
3477
3478
3478
3479
3482
3487
3490
3500
3503
3505
3509
3510
3512
3514
3514
3518
3523
3524
3527
3537
3542
3546
3553
3555
3555
3563
3572
3580
3585
3589
3589
3593
3595
3606
3609
3610
3610
3612
3614
3617
3624
3626
3630
3638
3647
3647
3647
3647
3649
3656
3657
3658
3659
3663
3672
3675
3679
3679
3683
3685
3688
3689
3690
3691
3693
3701
3703
3704
3712
3712
3716
3717
3719
3720
3728
3731
3732
3733
3735
3737
3738
3740
3745
3747
3747
3747
3749
3751
3756
3763
3769
3769
3798
3824
3827
3835
3836
3837
3838
3839
3841
3843
3846
3848
3849
3849
3857
3860
3871
3872
3874
3876
3877
3881
3882
3882
3886
3886
3889
3890
3890
3893
3894
3897
3898
3903
3904
3916
3916
3918
3924
3925
3926
3936
3936
3937
3938
3940
3946
3950
3952
3961
3963
3968
3977
3994
3997
3998
4000
4011
4011
4017
4019
4019
4020
4029
4032
4032
4033
4043
4044
4046
4052
4057
4058
4059
4060
4061
4065
4068
4077
4080
4083
4084
4084
4084
4106
4108
4112
4112
4114
4114
4117
4118
4120
4129
4130
4135
4137
4137
4137
4141
4154
4160
4170
4172
4174
4176
4185
4187
4187
4189
4197
4198
4199
4200
4201
4201
4202
4205
4211
4217
4227
4228
4230
4234
4238
4239
4243
4248
4252
4253
4254
4257
4260
4269
4271
4277
4282
4287
4290
4292
4293
4295
4300
4304
4310
4315
4317
4321
4323
4324
4330
4337
4337
4349
4349
4350
4351
4355
4355
4359
4361
4362
4364
4367
4368
4368
4374
4376
4376
4377
4380
4380
4385
4389
4392
4399
4401
4403
4412
4414
4417
4418
4419
4420
4420
4428
4429
4429
4433
4433
4437
4446
4446
4450
4457
4459
4460
4460
4463
4465
4473
4475
4478
4480
4488
4490
4491
4493
4494
4495
4507
4510
4516
4519
4519
4520
4521
4522
4524
4524
4531
4533
4535
4540
4541
4546
4549
4550
4551
4556
4558
4558
4565
4572
4573
4577
4585
4589
4590
4592
4598
4608
4616
4616
4620
4626
4627
4630
4632
4634
4644
4646
4646
4648
4650
4650
4653
4654
4654
4658
4661
4661
4665
4669
4673
4673
4678
4678
4679
4687
4689
4689
4692
4695
4697
4704
4705
4705
4710
4713
4714
4721
4722
4729
4733
4735
4737
4739
4739
4742
4743
4744
4752
4754
4758
4767
4767
4769
4772
4774
4775
4776
4777
4778
4780
4782
4784
4791
4794
4794
4797
4800
4807
4809
4810
4817
4822
4825
4825
4828
4831
4831
4835
4838
4839
4853
4857
4858
4860
4861
4863
4867
4868
4868
4869
4869
4870
4871
4876
4878
4879
4883
4883
4885
4891
4894
4903
4904
4907
4908
4915
4918
4920
4924
4936
4942
4947
4948
4948
4955
4956
4958
4961
4963
4965
4967
4971
4977
4991
4992
5000
5001
5004
5005
5009
5011
5015
5016
5019
5022
5023
5026
5029
5030
5031
5032
5035
5035
5040
5040
5044
5044
5044
5049
5057
5059
5066
5070
5075
5080
5084
5084
5086
5086
5091
5093
5096
5100
5106
5112
5120
5122
5123
5131
5132
5132
5133
5141
5144
5154
5159
5166
5180
5180
5181
5182
5183
5184
5187
5189
5189
5193
5201
5203
5204
5204
5206
5215
5219
5220
5225
5228
5232
5232
5233
5236
5236
5246
5246
5250
5250
5252
5253
5253
5260
5261
5269
5269
5272
5273
5275
5286
5292
5294
5299
5299
5300
5302
5304
5305
5305
5309
5320
5321
5322
5324
5328
5329
5334
5334
5354
5355
5357
5361
5368
5369
5370
5371
5379
5381
5386
5387
5388
5390
5391
5392
5392
5404
5405
5406
5408
5410
5411
5412
5415
5418
5418
5424
5425
5434
5435
5436
5436
5436
5437
5444
5447
5453
5457
5461
5470
5472
5481
5486
5487
5487
5491
5491
5495
5498
5500
5501
5507
5508
5508
5510
5513
5514
5518
5520
5531
5532
5533
5534
5538
5540
5540
5540
5555
5559
5560
5563
5569
5569
5579
5580
5581
5588
5590
5591
5596
5599
5603
5603
5605
5606
5609
5610
5618
5624
5633
5634
5635
5645
5648
5653
5657
5657
5658
5660
5663
5671
5672
5675
5675
5679
5687
5698
5702
5702
5710
5711
5715
5717
5717
5719
5733
5734
5735
5736
5737
5740
5749
5749
5753
5754
5759
5773
5775
5776
5783
5785
5786
5786
5789
5792
5794
5794
5798
5800
5810
5815
5817
5819
5826
5829
5830
5841
5841
5846
5848
5850
5853
5854
5859
5861
5861
5864
5868
5868
5874
5875
5882
5882
5890
5900
5900
5900
5903
5905
5907
5912
5912
5912
5917
5926
5931
5932
5935
5935
5936
5939
5939
5942
5943
5943
5947
5950
5952
5953
5961
5962
5963
5970
5970
5977
5984
5986
5997
5997
5998
6000
6001
6001
6002
6007
6010
6011
6011
6012
6019
6021
6022
6025
6029
6031
6036
6036
6038
6044
6047
6067
6069
6069
6070
6082
6082
6086
6086
6088
6090
6091
6094
6104
6110
6112
6120
6121
6122
6123
6126
6132
6137
6147
6149
6156
6156
6159
6167
6171
6173
6175
6181
6182
6189
6194
6197
6203
6203
6206
6211
6211
6214
6225
6229
6232
6237
6245
6245
6249
6251
6252
6254
6263
6264
6264
6265
6267
6268
6269
6270
6275
6277
6288
6290
6293
6298
6299
6301
6308
6316
6319
6321
6323
6323
6326
6327
6328
6329
6333
6337
6339
6348
6359
6359
6361
6363
6363
6364
6366
6367
6368
6369
6370
6372
6374
6374
6375
6383
6384
6387
6396
6398
6399
6401
6401
6407
6410
6412
6416
6419
6420
6430
6432
6441
6445
6446
6448
6455
6458
6458
6459
6468
6470
6473
6479
6480
6484
6488
6491
6492
6495
6499
6509
6516
6524
6532
6536
6538
6545
6546
6546
6546
6553
6555
6560
6560
6565
6569
6573
6579
6582
6595
6600
6615
6617
6617
6618
6623
6625
6628
6638
6640
6642
6643
6643
6648
6648
6655
6659
6669
6670
6673
6675
6676
6677
6679
6681
6682
6690
6691
6699
6701
6702
6703
6703
6707
6709
6709
6723
6725
6729
6731
6735
6740
6743
6745
6745
6751
6754
6756
6757
6764
6765
6768
6770
6770
6783
6795
6798
6803
6811
6813
6815
6815
6821
6823
6826
6828
6829
6832
6834
6835
6837
6839
6842
6844
6851
6852
6855
6857
6860
6865
6865
6871
6875
6878
6882
6882
6882
6882
6883
6884
6884
6886
6887
6887
6894
6894
6896
6897
6903
6905
6910
6910
6919
6922
6924
6941
6946
6956
6962
6965
6967
6970
6975
6977
6984
6985
6989
6992
6992
6993
6996
7002
7007
7014
7022
7022
7028
7031
7032
7036
7036
7039
7045
7046
7050
7053
7059
7060
7060
7060
7061
7064
7071
7072
7078
7079
7082
7093
7093
7096
7096
7101
7103
7113
7127
7132
7137
7138
7138
7146
7149
7149
7161
7162
7163
7170
7172
7172
7174
7181
7182
7185
7185
7196
7197
7199
7205
7212
7212
7212
7213
7220
7227
7229
7229
7230
7240
7242
7244
7248
7250
7252
7254
7255
7257
7257
7258
7260
7273
7276
7277
7279
7281
7283
7287
7290
7292
7297
7299
7303
7304
7305
7305
7308
7317
7320
7333
7335
7338
7339
7339
7343
7344
7352
7357
7360
7366
7368
7369
7384
7389
7390
7393
7394
7394
7394
7396
7398
7399
7402
7408
7409
7412
7415
7416
7417
7417
7418
7419
7431
7432
7432
7435
7440
7441
7441
7447
7448
7449
7450
7451
7454
7458
7458
7458
7463
7463
7465
7471
7474
7474
7482
7483
7484
7493
7493
7496
7501
7503
7504
7505
7509
7510
7521
7527
7530
7530
7547
7547
7548
7550
7552
7560
7566
7568
7570
7572
7578
7580
7594
7595
7596
7597
7598
7600
7602
7610
7626
7635
7642
7645
7645
7647
7648
7652
7654
7661
7666
7674
7676
7676
7681
7688
7690
7692
7692
7693
7693
7693
7695
7697
7703
7705
7712
7719
7720
7721
7723
7737
7762
7763
7767
7768
7769
7773
7778
7779
7784
7785
7789
7791
7792
7792
7792
7795
7796
7798
7803
7803
7803
7808
7808
7815
7818
7819
7820
7821
7828
7828
7831
7841
7842
7843
7844
7847
7854
7856
7859
7860
7864
7869
7875
7877
7882
7887
7887
7889
7891
7893
7898
7898
7902
7904
7908
7919
7926
7928
7931
7933
7938
7941
7943
7943
7945
7945
7950
7951
7952
7957
7958
7960
7963
7964
7966
7967
7973
7975
7984
7985
7986
7988
7992
7993
7995
7996
8001
8004
8005
8005
8006
8007
8008
8011
8020
8020
8021
8022
8022
8029
8030
8032
8036
8042
8050
8056
8057
8057
8060
8061
8065
8065
8069
8077
8078
8079
8082
8082
8087
8091
8093
8097
8097
8098
8100
8110
8113
8117
8117
8120
8122
8126
8127
8127
8128
8128
8135
8137
8137
8138
8141
8144
8146
8147
8148
8151
8154
8156
8160
8170
8171
8172
8175
8178
8180
8181
8186
8190
8194
8198
8199
8199
8202
8203
8206
8207
8216
8229
8233
8234
8235
8235
8238
8239
8241
8241
8248
8260
8265
8271
8278
8286
8286
8289
8290
8292
8295
8295
8295
8296
8299
8300
8303
8306
8310
8312
8316
8325
8326
8326
8333
8333
8336
8338
8348
8349
8349
8349
8351
8357
8358
8368
8370
8370
8371
8373
8376
8379
8382
8389
8392
8396
8397
8400
8403
8408
8409
8410
8416
8417
8418
8418
8419
8420
8421
8431
8442
8443
8443
8445
8451
8453
8453
8453
8461
8464
8468
8470
8471
8475
8478
8478
8480
8480
8481
8483
8492
8492
8497
8502
8502
8505
8515
8521
8522
8523
8524
8524
8525
8526
8532
8532
8534
8535
8535
8536
8537
8538
8542
8546
8549
8551
8556
8558
8561
8567
8568
8568
8573
8574
8577
8586
8590
8593
8598
8603
8607
8608
8610
8614
8614
8618
8619
8620
8622
8627
8628
8630
8632
8634
8634
8635
8639
8642
8650
8651
8658
8663
8676
8691
8700
8701
8705
8706
8707
8709
8711
8713
8714
8720
8730
8738
8738
8739
8740
8744
8745
8747
8749
8751
8753
8756
8757
8759
8762
8763
8772
8778
8779
8784
8790
8791
8795
8796
8799
8806
8811
8812
8825
8825
8829
8833
8834
8835
8846
8847
8852
8862
8862
8864
8875
8875
8876
8881
8884
8886
8886
8892
8898
8907
8911
8914
8916
8925
8926
8930
8932
8933
8933
8941
8944
8944
8946
8947
8950
8954
8961
8964
8968
8969
8972
8978
8980
8980
8984
8987
8987
8987
8988
8989
8992
8993
8999
9005
9009
9010
9015
9015
9016
9020
9021
9021
9021
9025
9026
9027
9029
9035
9044
9047
9050
9050
9055
9063
9064
9066
9066
9068
9069
9071
9071
9072
9081
9084
9086
9090
9093
9094
9094
9105
9106
9111
9112
9113
9113
9115
9116
9117
9117
9120
9121
9122
9123
9127
9127
9132
9132
9133
9135
9135
9136
9141
9147
9150
9154
9158
9160
9166
9168
9169
9176
9189
9192
9198
9204
9205
9206
9210
9212
9218
9220
9221
9223
9224
9226
9233
9237
9248
9252
9255
9259
9259
9261
9268
9269
9276
9288
9301
9301
9304
9306
9319
9322
9323
9325
9325
9326
9328
9330
9332
9334
9338
9341
9345
9346
9348
9352
9353
9354
9355
9360
9364
9375
9377
9377
9380
9382
9382
9390
9393
9396
9401
9403
9409
9413
9415
9416
9418
9422
9423
9426
9426
9426
9427
9431
9440
9445
9446
9466
9466
9470
9471
9474
9474
9481
9492
9495
9496
9497
9502
9513
9517
9517
9523
9527
9534
9534
9537
9546
9548
9555
9562
9566
9571
9573
9576
9577
9578
9580
9581
9583
9584
9584
9585
9587
9588
9590
9595
9599
9602
9606
9608
9616
9617
9619
9621
9630
9631
9644
9647
9657
9658
9662
9664
9665
9665
9667
9671
9673
9675
9677
9681
9692
9696
9699
9700
9702
9706
9706
9708
9708
9712
9714
9720
9721
9722
9722
9730
9730
9734
9735
9736
9740
9743
9749
9757
9761
9763
9766
9768
9769
9769
9769
9779
9784
9784
9784
9790
9792
9792
9797
9798
9801
9801
9808
9811
9813
9814
9819
9822
9824
9830
9830
9833
9840
9841
9842
9845
9847
9850
9852
9852
9854
9855
9860
9862
9862
9866
9866
9870
9871
9872
9876
9878
9878
9882
9883
9886
9888
9890
9894
9899
9903
9907
9914
9920
9921
9922
9923
9927
9929
9930
9933
9934
9936
9936
9950
9951
9953
9956
9958
9960
9961
9967
9968
9971
9973
9979
9982
9984
9987
9988
9988
9998
9998
