0 7
1 11
2 9
3 16
4 7
5 9
6 13
7 9
8 8
9 9
10 7
11 12
12 20
13 7
14 14
15 10
16 10
17 6
18 14
19 6
20 14
21 10
22 14
23 11
24 9
25 13
26 11
27 8
28 6
29 8
30 8
31 11
32 10
33 8
34 8
35 4
36 8
37 12
38 13
39 5
40 10
41 11
42 6
43 10
44 10
45 6
46 6
47 9
48 13
49 10
50 12
51 14
52 14
53 5
54 9
55 3
56 10
57 9
58 9
59 10
60 8
61 12
62 7
63 10
64 11
65 11
66 3
67 10
68 7
69 8
70 13
71 11
72 12
73 7
74 17
75 6
76 15
77 13
78 14
79 10
80 13
81 8
82 14
83 10
84 9
85 11
86 12
87 11
88 8
89 13
90 9
91 8
92 14
93 11
94 8
95 9
96 9
97 8
98 13
99 11
100 12
101 9
102 10
103 12
104 4
105 14
106 8
107 10
108 7
109 10
110 9
111 8
112 12
113 8
114 10
115 11
116 14
117 16
118 13
119 10
120 8
121 4
122 7
123 14
124 4
125 10
126 8
127 9
128 13
129 10
130 11
131 9
132 19
133 8
134 10
135 7
136 10
137 7
138 10
139 12
140 16
141 17
142 9
143 12
144 6
145 9
146 6
147 10
148 10
149 13
150 11
151 8
152 11
153 4
154 14
155 4
156 8
157 12
158 13
159 12
160 17
161 11
162 7
163 6
164 10
165 6
166 6
167 4
168 5
169 11
170 12
171 10
172 9
173 7
174 6
175 6
176 11
177 8
178 3
179 5
180 6
181 7
182 7
183 10
184 10
185 10
186 15
187 10
188 10
189 14
190 12
191 14
192 7
193 7
194 7
195 8
196 6
197 10
198 16
199 8
200 8
201 10
202 9
203 7
204 8
205 8
206 11
207 17
208 4
209 15
210 5
211 8
212 6
213 12
214 11
215 9
216 9
217 11
218 6
219 6
220 7
221 12
222 9
223 7
224 13
225 7
226 10
227 8
228 12
229 8
230 7
231 11
232 10
233 16
234 8
235 7
236 7
237 12
238 9
239 20
240 13
241 16
242 10
243 10
244 7
245 10
246 9
247 9
248 9
249 11
250 11
251 8
252 10
253 7
254 6
255 6
256 9
257 14
258 9
259 14
260 9
261 6
262 12
263 5
264 11
265 5
266 12
267 7
268 11
269 12
270 7
271 14
272 11
273 7
274 12
275 11
276 9
277 10
278 11
279 6
280 15
281 11
282 9
283 11
284 10
285 8
286 12
287 6
288 10
289 13
290 12
291 1
292 10
293 7
294 5
295 8
296 8
297 7
298 5
299 7
300 11
301 3
302 11
303 7
304 8
305 18
306 11
307 6
308 10
309 8
310 9
311 8
312 9
313 10
314 8
315 15
316 4
317 10
318 9
319 14
320 6
321 10
322 4
323 12
324 6
325 8
326 8
327 8
328 8
329 7
330 15
331 5
332 11
333 8
334 10
335 11
336 8
337 10
338 7
339 7
340 19
341 10
342 8
343 7
344 7
345 8
346 8
347 5
348 12
349 7
350 8
351 7
352 9
353 4
354 11
355 5
356 8
357 9
358 13
359 5
360 6
361 8
362 8
363 8
364 10
365 10
366 7
367 9
368 13
369 6
370 9
371 10
372 4
373 6
374 6
375 10
376 10
377 6
378 11
379 5
380 10
381 10
382 8
383 9
384 14
385 11
386 10
387 12
388 11
389 10
390 14
391 7
392 7
393 6
394 10
395 15
396 8
397 5
398 6
399 6
400 9
401 11
402 5
403 11
404 11
405 9
406 8
407 8
408 8
409 11
410 10
411 5
412 14
413 6
414 8
415 8
416 13
417 7
418 10
419 18
420 11
421 6
422 12
423 9
424 6
425 8
426 8
427 4
428 7
429 7
430 10
431 4
432 10
433 11
434 12
435 8
436 7
437 10
438 8
439 10
440 6
441 12
442 6
443 7
444 6
445 6
446 8
447 7
448 9
449 7
450 7
451 6
452 6
453 7
454 3
455 5
456 6
457 11
458 9
459 8
460 8
461 8
462 9
463 6
464 7
465 8
466 8
467 2
468 5
469 9
470 7
471 5
472 10
473 6
474 3
475 11
476 11
477 5
478 9
479 7
480 10
481 16
482 10
483 8
484 11
485 12
486 8
487 16
488 10
489 9
490 8
491 6
492 7
493 15
494 7
495 5
496 8
497 12
498 8
499 7
500 15
501 15
502 11
503 8
504 8
505 6
506 4
507 4
508 8
509 7
510 11
511 10
512 10
513 15
514 5
515 12
516 8
517 7
518 7
519 14
520 9
521 8
522 4
523 12
524 7
525 6
526 10
527 6
528 13
529 7
530 9
531 9
532 11
533 4
534 10
535 9
536 11
537 11
538 4
539 8
540 12
541 5
542 16
543 16
544 10
545 7
546 9
547 14
548 8
549 5
550 5
551 9
552 8
553 8
554 7
555 13
556 5
557 4
558 7
559 5
560 6
561 11
562 14
563 7
564 9
565 7
566 10
567 8
568 6
569 8
570 8
571 6
572 8
573 7
574 12
575 14
576 5
577 8
578 8
579 5
580 8
581 7
582 6
583 6
584 6
585 3
586 4
587 12
588 9
589 7
590 14
591 8
592 12
593 7
594 4
595 8
596 8
597 6
598 7
599 7
600 5
601 4
602 7
603 13
604 4
605 13
606 6
607 8
608 6
609 6
610 8
611 11
612 9
613 9
614 9
615 7
616 9
617 12
618 9
619 12
620 9
621 8
622 9
623 8
624 12
625 9
626 7
627 8
628 9
629 5
630 5
631 3
632 4
633 9
634 8
635 13
636 10
637 6
638 12
639 10
640 10
641 7
642 11
643 11
644 11
645 6
646 7
647 7
648 12
649 6
650 7
651 8
652 10
653 7
654 8
655 10
656 11
657 8
658 12
659 6
660 4
661 11
662 8
663 13
664 5
665 7
666 7
667 8
668 6
669 12
670 5
671 9
672 14
673 12
674 9
675 10
676 5
677 6
678 11
679 13
680 2
681 9
682 7
683 10
684 12
685 15
686 6
687 5
688 10
689 10
690 12
691 9
692 8
693 7
694 8
695 11
696 12
697 10
698 8
699 10
700 9
701 8
702 7
703 12
704 6
705 10
706 5
707 10
708 12
709 5
710 7
711 8
712 6
713 6
714 9
715 5
716 11
717 8
718 9
719 9
720 6
721 14
722 6
723 9
724 3
725 9
726 11
727 14
728 6
729 7
730 9
731 9
732 4
733 8
734 8
735 5
736 14
737 6
738 8
739 5
740 12
741 11
742 9
743 7
744 7
745 10
746 5
747 8
748 12
749 6
750 9
751 6
752 6
753 6
754 11
755 11
756 4
757 8
758 14
759 9
760 6
761 10
762 9
763 7
764 7
765 3
766 5
767 4
768 7
769 7
770 6
771 5
772 8
773 5
774 7
775 4
776 10
777 9
778 4
779 5
780 9
781 10
782 5
783 6
784 6
785 11
786 5
787 5
788 5
789 7
790 7
791 5
792 7
793 8
794 10
795 8
796 8
797 7
798 15
799 11
800 5
801 9
802 7
803 9
804 3
805 7
806 4
807 11
808 8
809 7
810 7
811 7
812 6
813 5
814 7
815 9
816 8
817 8
818 6
819 5
820 6
821 7
822 10
823 11
824 12
825 7
826 10
827 9
828 10
829 9
830 12
831 10
832 9
833 8
834 10
835 12
836 9
837 4
838 7
839 5
840 11
841 11
842 8
843 7
844 4
845 5
846 5
847 13
848 9
849 6
850 8
851 12
852 11
853 14
854 9
855 10
856 7
857 10
858 2
859 6
860 9
861 9
862 11
863 8
864 8
865 6
866 3
867 9
868 8
869 11
870 12
871 8
872 7
873 5
874 8
875 12
876 8
877 2
878 9
879 8
880 8
881 11
882 3
883 7
884 7
885 7
886 4
887 10
888 11
889 6
890 12
891 9
892 2
893 11
894 9
895 6
896 7
897 7
898 5
899 10
900 4
901 5
902 5
903 10
904 6
905 15
906 12
907 9
908 14
909 6
910 6
911 14
912 8
913 11
914 4
915 9
916 6
917 11
918 7
919 6
920 7
921 7
922 11
923 8
924 9
925 7
926 7
927 6
928 9
929 10
930 8
931 13
932 8
933 4
934 9
935 7
936 10
937 11
938 2
939 12
940 7
941 12
942 8
943 7
944 4
945 6
946 5
947 8
948 10
949 11
950 8
951 6
952 10
953 4
954 7
955 5
956 5
957 5
958 8
959 10
960 3
961 7
962 5
963 5
964 9
965 12
966 9
967 13
968 7
969 2
970 6
971 11
972 6
973 14
974 5
975 3
976 10
977 9
978 7
979 6
980 4
981 7
982 8
983 6
984 7
985 5
986 7
987 7
988 6
989 8
990 11
991 3
992 8
993 11
994 11
995 12
996 9
997 6
998 3
999 5
1000 10
1001 4
1002 6
1003 3
1004 8
1005 12
1006 8
1007 8
1008 7
1009 7
1010 6
1011 8
1012 10
1013 7
1014 10
1015 5
1016 9
1017 10
1018 6
1019 5
1020 8
1021 8
1022 5
1023 13
1024 8
1025 5
1026 10
1027 7
1028 12
1029 6
1030 11
1031 11
1032 6
1033 13
1034 13
1035 7
1036 9
1037 5
1038 12
1039 15
1040 7
1041 13
1042 4
1043 5
1044 11
1045 9
1046 5
1047 6
1048 9
1049 6
1050 8
1051 3
1052 8
1053 13
1054 8
1055 12
1056 9
1057 8
1058 9
1059 9
1060 9
1061 8
1062 5
1063 6
1064 7
1065 7
1066 6
1067 5
1068 7
1069 6
1070 7
1071 4
1072 6
1073 8
1074 7
1075 8
1076 7
1077 8
1078 9
1079 10
1080 4
1081 10
1082 6
1083 7
1084 7
1085 7
1086 14
1087 12
1088 11
1089 6
1090 10
1091 7
1092 6
1093 10
1094 4
1095 2
1096 6
1097 8
1098 8
1099 13
1100 10
1101 8
1102 6
1103 9
1104 7
1105 2
1106 4
1107 6
1108 6
1109 4
1110 11
1111 5
1112 8
1113 7
1114 10
1115 10
1116 9
1117 6
1118 12
1119 5
1120 7
1121 9
1122 11
1123 8
1124 4
1125 3
1126 11
1127 7
1128 10
1129 8
1130 3
1131 8
1132 3
1133 1
1134 4
1135 9
1136 9
1137 7
1138 5
1139 6
1140 6
1141 4
1142 6
1143 12
1144 6
1145 8
1146 7
1147 7
1148 9
1149 6
1150 2
1151 9
1152 9
1153 9
1154 7
1155 6
1156 9
1157 7
1158 10
1159 12
1160 7
1161 9
1162 5
1163 12
1164 4
1165 11
1166 2
1167 10
1168 6
1169 4
1170 14
1171 2
1172 6
1173 5
1174 9
1175 5
1176 6
1177 13
1178 8
1179 8
1180 7
1181 9
1182 5
1183 5
1184 7
1185 6
1186 9
1187 7
1188 6
1189 4
1190 8
1191 4
1192 3
1193 6
1194 7
1195 12
1196 10
1197 7
1198 7
1199 3
1200 12
1201 7
1202 4
1203 8
1204 3
1205 5
1206 7
1207 7
1208 6
1209 9
1210 5
1211 8
1212 8
1213 9
1214 5
1215 8
1216 5
1217 7
1218 8
1219 4
1220 5
1221 12
1222 5
1223 8
1224 6
1225 6
1226 5
1227 5
1228 6
1229 9
1230 3
1231 13
1232 6
1233 4
1234 5
1235 5
1236 10
1237 7
1238 4
1239 9
1240 7
1241 5
1242 8
1243 6
1244 4
1245 11
1246 8
1247 5
1248 8
1249 9
1250 10
1251 10
1252 7
1253 7
1254 4
1255 4
1256 6
1257 7
1258 7
1259 3
1260 7
1261 12
1262 4
1263 11
1264 9
1265 2
1266 7
1267 9
1268 5
1269 5
1270 6
1271 2
1272 11
1273 10
1274 6
1275 6
1276 7
1277 3
1278 5
1279 6
1280 11
1281 5
1282 9
1283 6
1284 6
1285 5
1286 10
1287 8
1288 5
1289 5
1290 9
1291 12
1292 11
1293 3
1294 6
1295 6
1296 7
1297 9
1298 6
1299 9
1300 10
1301 4
1302 5
1303 5
1304 3
1305 3
1306 9
1307 4
1308 5
1309 13
1310 5
1311 5
1312 8
1313 7
1314 2
1315 7
1316 9
1317 7
1318 5
1319 9
1320 13
1321 8
1322 8
1323 5
1324 3
1325 15
1326 5
1327 6
1328 9
1329 3
1330 7
1331 5
1332 7
1333 4
1334 14
1335 4
1336 7
1337 11
1338 6
1339 8
1340 12
1341 4
1342 4
1343 2
1344 7
1345 10
1346 6
1347 6
1348 5
1349 6
1350 5
1351 8
1352 4
1353 6
1354 5
1355 9
1356 11
1357 7
1358 9
1359 6
1360 2
1361 4
1362 7
1363 3
1364 3
1365 10
1366 11
1367 9
1368 8
1369 5
1370 13
1371 5
1372 9
1373 7
1374 5
1375 10
1376 6
1377 11
1378 6
1379 6
1380 8
1381 11
1382 11
1383 7
1384 3
1385 3
1386 11
1387 7
1388 10
1389 5
1390 5
1391 11
1392 5
1393 9
1394 5
1395 7
1396 8
1397 6
1398 6
1399 8
1400 9
1401 5
1402 8
1403 8
1404 5
1405 5
1406 7
1407 5
1408 5
1409 8
1410 8
1411 2
1412 4
1413 5
1414 6
1415 5
1416 7
1417 8
1418 11
1419 8
1420 17
1421 5
1422 3
1423 4
1424 5
1425 8
1426 5
1427 13
1428 6
1429 12
1430 5
1431 3
1432 3
1433 2
1434 6
1435 7
1436 7
1437 7
1438 7
1439 5
1440 10
1441 11
1442 6
1443 5
1444 7
1445 3
1446 7
1447 7
1448 4
1449 3
1450 3
1451 9
1452 5
1453 4
1454 8
1455 8
1456 7
1457 7
1458 7
1459 7
1460 4
1461 7
1462 13
1463 3
1464 8
1465 5
1466 6
1467 9
1468 10
1469 3
1470 7
1471 4
1472 6
1473 9
1474 13
1475 9
1476 6
1477 3
1478 5
1479 9
1480 6
1481 10
1482 8
1483 7
1484 7
1485 5
1486 9
1487 12
1488 5
1489 6
1490 9
1491 4
1492 2
1493 6
1494 1
1495 4
1496 5
1497 5
1498 6
1499 13
1500 2
1501 8
1502 11
1503 4
1504 5
1505 11
1506 4
1507 8
1508 7
1509 4
1510 5
1511 2
1512 4
1513 12
1514 11
1515 3
1516 7
1517 6
1518 7
1519 10
1520 9
1521 6
1522 7
1523 5
1524 7
1525 10
1526 7
1527 8
1528 7
1529 2
1530 7
1531 9
1532 3
1533 4
1534 3
1535 6
1536 9
1537 10
1538 6
1539 6
1540 9
1541 2
1542 3
1543 4
1544 3
1545 5
1546 6
1547 6
1548 5
1549 8
1550 3
1551 3
1552 4
1553 10
1554 8
1555 6
1556 4
1557 6
1558 8
1559 8
1560 8
1561 9
1562 8
1563 8
1564 5
1565 6
1566 6
1567 5
1568 8
1569 10
1570 4
1571 7
1572 8
1573 5
1574 10
1575 5
1576 4
1577 9
1578 8
1579 4
1580 7
1581 6
1582 7
1583 6
1584 12
1585 9
1586 8
1587 10
1588 8
1589 6
1590 8
1591 5
1592 4
1593 7
1594 7
1595 6
1596 6
1597 3
1598 4
1599 4
1600 10
1601 5
1602 3
1603 8
1604 6
1605 2
1606 11
1607 6
1608 3
1609 5
1610 5
1611 11
1612 5
1613 2
1614 8
1615 8
1616 9
1617 6
1618 3
1619 6
1620 4
1621 8
1622 4
1623 2
1624 3
1625 6
1626 6
1627 9
1628 5
1629 5
1630 6
1631 7
1632 6
1633 5
1634 8
1635 7
1636 8
1637 7
1638 6
1639 7
1640 6
1641 5
1642 2
1643 4
1644 7
1645 3
1646 3
1647 12
1648 6
1649 12
1650 14
1651 9
1652 10
1653 9
1654 6
1655 8
1656 5
1657 5
1658 11
1659 9
1660 7
1661 1
1662 8
1663 3
1664 9
1665 6
1666 4
1667 5
1668 6
1669 7
1670 10
1671 9
1672 4
1673 9
1674 7
1675 5
1676 8
1677 7
1678 8
1679 9
1680 7
1681 4
1682 3
1683 7
1684 7
1685 7
1686 4
1687 10
1688 4
1689 8
1690 4
1691 7
1692 5
1693 4
1694 4
1695 9
1696 7
1697 4
1698 6
1699 4
1700 6
1701 6
1702 5
1703 6
1704 4
1705 6
1706 5
1707 8
1708 3
1709 8
1710 5
1711 5
1712 4
1713 4
1714 5
1715 2
1716 12
1717 8
1718 3
1719 7
1720 6
1721 9
1722 11
1723 9
1724 2
1725 3
1726 5
1727 4
1728 8
1729 7
1730 3
1731 4
1732 7
1733 7
1734 6
1735 5
1736 4
1737 6
1738 7
1739 8
1740 6
1741 3
1742 4
1743 12
1744 6
1745 7
1746 6
1747 4
1748 6
1749 3
1750 7
1751 3
1752 5
1753 8
1754 12
1755 2
1756 10
1757 8
1758 6
1759 5
1760 3
1761 8
1762 3
1763 4
1764 4
1765 8
1766 8
1767 7
1768 9
1769 3
1770 6
1771 8
1772 7
1773 4
1774 5
1775 6
1776 7
1777 6
1778 4
1779 4
1780 11
1781 7
1782 4
1783 8
1784 8
1785 7
1786 9
1787 9
1788 7
1789 8
1790 6
1791 2
1792 7
1793 8
1794 6
1795 9
1796 1
1797 5
1798 6
1799 4
1800 11
1801 5
1802 7
1803 7
1804 5
1805 4
1806 9
1807 6
1808 6
1809 3
1810 6
1811 5
1812 3
1813 6
1814 7
1815 9
1816 5
1817 5
1818 6
1819 7
1820 6
1821 8
1822 5
1823 7
1824 10
1825 3
1826 2
1827 6
1828 5
1829 4
1830 10
1831 6
1832 6
1833 5
1834 4
1835 8
1836 7
1837 5
1838 2
1839 10
1840 6
1841 5
1842 7
1843 7
1844 8
1845 7
1846 6
1847 3
1848 7
1849 5
1850 4
1851 6
1852 5
1853 8
1854 2
1855 7
1856 6
1857 7
1858 8
1859 9
1860 5
1861 7
1862 7
1863 3
1864 6
1865 10
1866 7
1867 5
1868 8
1869 4
1870 3
1871 7
1872 8
1873 7
1874 7
1875 2
1876 7
1877 7
1878 3
1879 8
1880 8
1881 9
1882 6
1883 8
1884 6
1885 6
1886 7
1887 3
1888 11
1889 9
1890 9
1891 2
1892 13
1893 4
1894 5
1895 6
1896 1
1897 4
1898 4
1899 6
1900 12
1901 6
1902 3
1903 4
1904 4
1905 6
1906 3
1907 6
1908 5
1909 4
1910 5
1911 5
1912 9
1913 10
1914 6
1915 8
1916 5
1917 6
1918 5
1919 5
1920 4
1921 5
1922 3
1923 2
1924 3
1925 7
1926 3
1927 5
1928 10
1929 4
1930 5
1931 4
1932 6
1933 7
1934 4
1935 2
1936 4
1937 7
1939 6
1940 7
1941 5
1942 9
1943 6
1944 7
1945 5
1946 5
1947 5
1948 8
1949 5
1950 9
1951 4
1952 10
1953 7
1954 8
1955 5
1956 9
1957 6
1958 6
1959 5
1960 6
1961 3
1962 1
1963 6
1964 8
1965 5
1966 7
1967 5
1968 4
1969 3
1970 9
1971 4
1972 5
1973 3
1974 5
1975 13
1976 3
1977 8
1978 5
1979 7
1980 3
1981 4
1982 3
1983 2
1984 8
1985 6
1986 3
1987 7
1988 8
1989 9
1990 7
1991 4
1992 2
1993 8
1994 7
1995 11
1996 12
1997 4
1998 1
1999 8
2000 5
2001 4
2002 4
2003 9
2004 3
2005 3
2006 8
2007 5
2008 5
2009 8
2010 6
2011 7
2012 6
2013 5
2014 6
2015 1
2016 8
2017 1
2018 2
2019 5
2020 6
2021 1
2022 4
2023 4
2024 11
2025 6
2026 4
2027 5
2028 3
2029 8
2030 4
2031 6
2032 8
2033 5
2034 7
2035 8
2036 3
2037 7
2038 4
2039 1
2040 5
2041 6
2042 3
2043 3
2044 3
2045 3
2046 2
2047 10
2048 7
2049 6
2050 9
2051 4
2052 9
2053 2
2054 7
2055 5
2056 2
2057 4
2058 5
2059 7
2060 3
2061 4
2062 5
2063 3
2064 6
2065 1
2066 9
2067 5
2068 7
2069 3
2070 2
2071 3
2072 8
2073 7
2074 8
2075 4
2076 8
2077 4
2078 3
2079 4
2080 5
2081 3
2082 6
2083 4
2084 7
2085 3
2086 3
2087 6
2088 2
2089 5
2090 2
2091 4
2092 4
2093 9
2094 8
2095 6
2096 11
2097 6
2098 9
2099 4
2100 4
2101 5
2102 5
2103 3
2104 3
2105 2
2106 6
2107 9
2108 10
2109 3
2110 2
2111 6
2112 3
2113 11
2114 4
2115 7
2116 4
2117 10
2118 7
2119 6
2120 9
2121 5
2122 5
2123 9
2124 2
2125 2
2126 7
2127 3
2128 6
2129 7
2130 5
2131 8
2132 6
2133 8
2134 10
2135 5
2136 2
2137 5
2139 7
2140 4
2141 4
2142 5
2143 5
2144 8
2145 7
2146 7
2147 5
2148 8
2149 6
2150 6
2151 2
2152 4
2153 2
2154 7
2155 7
2156 4
2157 7
2158 4
2159 2
2160 5
2161 5
2162 4
2163 7
2164 1
2165 11
2166 2
2167 4
2168 3
2169 7
2170 4
2171 5
2172 3
2173 4
2174 7
2175 6
2176 3
2177 5
2178 9
2179 6
2180 6
2181 11
2182 7
2183 4
2184 11
2185 5
2186 10
2187 5
2188 4
2189 4
2190 6
2191 7
2192 6
2193 4
2194 9
2195 8
2196 4
2197 5
2198 7
2199 6
2200 11
2201 9
2202 9
2203 4
2204 4
2205 5
2206 6
2207 4
2208 5
2209 4
2210 5
2211 2
2212 2
2213 3
2214 14
2215 7
2216 4
2217 2
2218 5
2219 6
2220 3
2221 8
2222 5
2223 4
2224 9
2225 9
2226 2
2227 9
2228 11
2229 8
2230 5
2231 7
2232 3
2233 7
2234 9
2235 8
2236 5
2237 5
2238 4
2239 7
2240 8
2241 10
2242 3
2243 3
2244 3
2245 6
2246 3
2247 3
2248 5
2249 10
2250 4
2251 6
2252 4
2253 6
2254 3
2255 4
2256 9
2257 9
2258 3
2259 3
2260 6
2261 6
2262 4
2263 4
2264 1
2265 3
2266 10
2267 3
2268 6
2269 2
2270 7
2271 9
2272 4
2273 3
2274 4
2275 6
2276 5
2277 7
2278 6
2279 6
2280 7
2281 6
2282 4
2283 9
2284 4
2285 2
2286 4
2287 2
2288 6
2289 4
2291 8
2292 3
2293 6
2294 3
2295 10
2296 8
2297 7
2298 9
2299 3
2300 5
2301 5
2302 8
2303 8
2304 2
2305 5
2306 12
2307 3
2308 4
2309 8
2310 1
2311 3
2312 4
2313 8
2314 5
2315 5
2316 7
2317 6
2318 5
2319 7
2320 4
2321 8
2322 13
2323 4
2324 3
2325 2
2326 5
2327 5
2328 3
2329 8
2330 1
2331 2
2332 2
2333 8
2334 9
2335 4
2336 6
2337 2
2338 3
2339 6
2340 4
2341 6
2342 6
2343 5
2344 3
2345 4
2346 4
2347 6
2348 5
2349 3
2350 5
2351 3
2352 6
2353 4
2354 4
2355 6
2356 2
2357 3
2358 6
2359 2
2360 3
2361 4
2362 4
2363 8
2364 5
2365 5
2366 2
2367 2
2368 3
2369 4
2370 4
2371 3
2372 10
2373 6
2374 4
2375 7
2376 3
2377 9
2378 2
2379 5
2380 5
2381 6
2382 7
2383 5
2384 9
2385 6
2386 6
2387 8
2388 10
2389 1
2390 5
2391 2
2392 8
2393 4
2394 7
2395 3
2396 6
2397 6
2398 1
2399 5
2400 3
2401 7
2402 5
2403 6
2404 4
2405 7
2406 6
2407 8
2408 5
2409 8
2410 5
2411 9
2412 9
2413 2
2414 4
2415 5
2416 2
2417 5
2418 7
2419 6
2420 6
2421 5
2422 6
2423 5
2424 6
2425 5
2426 4
2427 5
2428 4
2429 7
2430 4
2431 7
2432 3
2433 8
2434 5
2435 3
2436 4
2437 5
2438 3
2439 3
2440 5
2441 5
2442 3
2443 1
2444 4
2445 3
2446 5
2447 4
2448 8
2449 3
2450 7
2451 3
2452 5
2453 4
2454 2
2455 3
2456 2
2457 9
2458 4
2459 4
2460 3
2461 4
2462 7
2463 8
2464 6
2465 7
2466 3
2467 4
2468 8
2469 5
2470 8
2471 4
2472 9
2473 6
2474 6
2475 4
2476 3
2477 4
2478 5
2479 3
2480 5
2481 6
2482 7
2483 8
2484 7
2485 9
2486 6
2487 6
2488 4
2489 8
2490 3
2491 1
2492 5
2493 2
2494 4
2495 13
2496 3
2497 2
2498 5
2500 4
2501 6
2502 7
2503 1
2504 3
2505 2
2506 1
2507 8
2508 1
2509 5
2510 4
2511 5
2512 2
2513 6
2514 7
2515 9
2516 8
2517 3
2518 5
2519 7
2520 4
2521 5
2522 7
2523 6
2524 12
2525 4
2526 4
2527 7
2528 7
2529 4
2530 3
2531 3
2532 1
2533 5
2534 6
2535 5
2536 1
2537 3
2538 2
2539 8
2540 7
2541 6
2542 6
2543 4
2544 3
2545 10
2546 8
2547 2
2548 9
2549 4
2550 3
2551 4
2552 5
2553 6
2554 7
2555 6
2556 4
2557 3
2558 2
2559 11
2560 4
2561 8
2562 6
2563 9
2564 6
2565 10
2566 5
2567 5
2568 4
2569 2
2570 7
2571 6
2572 5
2573 7
2574 4
2575 3
2576 5
2577 5
2578 9
2579 4
2580 5
2581 5
2582 7
2583 5
2584 5
2585 3
2586 5
2587 4
2588 5
2589 8
2590 2
2591 4
2592 6
2593 5
2594 4
2595 4
2596 2
2598 6
2599 7
2600 5
2601 5
2602 6
2603 6
2604 4
2605 3
2606 5
2607 7
2608 10
2609 2
2610 3
2611 6
2612 5
2613 5
2614 6
2615 4
2616 4
2617 10
2618 4
2619 5
2620 4
2621 6
2622 6
2623 6
2624 6
2625 3
2626 3
2627 3
2628 3
2629 5
2630 3
2631 6
2632 6
2633 5
2634 8
2635 4
2636 4
2637 2
2638 4
2639 5
2640 1
2641 3
2642 9
2643 5
2644 4
2645 9
2646 6
2647 2
2648 4
2649 5
2650 6
2651 6
2652 7
2653 5
2654 10
2655 3
2656 3
2657 4
2658 6
2659 8
2660 6
2661 8
2662 2
2663 6
2664 4
2665 6
2666 3
2668 6
2669 5
2670 5
2671 3
2672 5
2673 1
2674 4
2675 3
2676 5
2677 3
2678 5
2679 3
2680 6
2681 7
2682 9
2683 7
2684 3
2685 5
2686 4
2687 3
2689 6
2690 4
2691 5
2692 5
2693 5
2694 3
2695 5
2696 6
2697 9
2698 11
2699 7
2700 5
2701 3
2702 9
2703 4
2704 2
2705 4
2706 6
2707 2
2708 4
2709 4
2710 7
2711 6
2712 5
2713 9
2714 8
2715 3
2716 6
2717 3
2718 4
2719 3
2720 5
2721 4
2722 4
2723 2
2724 6
2725 8
2726 3
2727 4
2728 6
2729 3
2730 5
2731 8
2732 4
2733 4
2734 3
2735 6
2736 4
2737 6
2738 4
2739 11
2740 6
2741 4
2742 8
2743 6
2744 3
2745 5
2746 2
2747 2
2748 3
2749 8
2750 3
2751 6
2752 3
2753 10
2754 4
2755 1
2756 2
2757 3
2758 3
2759 1
2760 2
2761 5
2762 6
2763 4
2764 6
2765 6
2766 4
2767 6
2768 2
2769 3
2770 6
2771 6
2772 5
2773 5
2774 4
2775 4
2776 6
2777 4
2778 3
2779 6
2780 2
2781 12
2782 2
2783 2
2784 6
2785 2
2786 2
2788 8
2789 9
2790 7
2791 8
2792 2
2793 2
2794 2
2795 2
2796 4
2797 3
2798 6
2799 3
2800 8
2801 7
2802 4
2803 2
2804 4
2805 12
2806 6
2807 6
2808 4
2809 7
2810 6
2811 4
2812 4
2813 7
2814 4
2815 5
2816 3
2817 6
2818 2
2819 2
2820 8
2821 5
2822 3
2823 4
2824 4
2825 8
2826 1
2827 5
2828 4
2829 1
2830 3
2832 5
2833 4
2834 4
2835 5
2836 2
2837 5
2838 4
2839 9
2840 1
2841 5
2842 2
2843 1
2844 7
2845 2
2846 6
2847 6
2848 5
2849 4
2850 8
2851 6
2852 5
2853 6
2854 4
2855 4
2856 5
2857 4
2858 9
2859 4
2860 6
2861 3
2862 4
2863 1
2864 6
2865 3
2867 3
2868 4
2869 3
2870 7
2871 7
2872 2
2873 3
2874 6
2875 4
2876 7
2877 3
2878 7
2879 7
2880 4
2881 4
2882 4
2883 5
2884 2
2885 5
2886 4
2887 1
2888 5
2889 6
2890 5
2891 7
2892 3
2894 2
2895 6
2896 4
2897 4
2898 3
2899 8
2900 7
2901 5
2902 7
2903 7
2904 2
2905 3
2906 4
2907 7
2908 8
2909 6
2910 9
2911 6
2912 10
2913 3
2914 7
2915 6
2916 1
2917 4
2918 3
2919 3
2920 4
2921 3
2922 7
2923 5
2924 4
2925 3
2926 4
2927 4
2928 5
2929 3
2930 5
2931 5
2932 6
2933 6
2934 4
2935 7
2936 1
2937 3
2938 5
2939 6
2940 9
2941 5
2942 6
2943 5
2944 3
2945 3
2946 4
2947 3
2948 8
2949 2
2950 2
2951 3
2952 2
2953 4
2954 6
2955 5
2956 8
2957 3
2958 6
2959 4
2960 4
2961 5
2962 6
2963 2
2964 3
2965 3
2966 5
2967 2
2968 3
2969 7
2970 5
2971 6
2972 10
2973 6
2974 2
2975 9
2976 4
2977 5
2978 11
2979 5
2980 4
2981 4
2982 5
2983 5
2984 7
2985 4
2986 6
2987 4
2988 7
2989 1
2990 7
2991 7
2992 6
2993 2
2994 4
2995 3
2996 3
2997 4
2999 3
3000 8
3001 5
3003 2
3004 8
3005 6
3006 4
3007 6
3008 11
3009 8
3010 5
3011 6
3012 9
3013 9
3014 5
3015 2
3016 5
3017 3
3018 4
3019 5
3020 1
3021 4
3022 3
3023 5
3024 4
3025 4
3026 3
3027 1
3028 1
3029 1
3030 3
3031 6
3033 5
3034 4
3035 2
3036 3
3037 1
3038 3
3039 2
3040 4
3041 3
3042 4
3043 3
3045 6
3046 6
3047 4
3048 4
3049 5
3050 6
3051 5
3052 3
3053 3
3054 4
3055 7
3056 3
3057 4
3058 2
3059 4
3060 8
3061 3
3062 3
3063 2
3064 4
3065 2
3066 3
3067 5
3068 5
3069 5
3070 6
3071 3
3072 4
3073 2
3074 1
3075 1
3076 7
3077 2
3078 6
3079 3
3080 5
3081 3
3082 5
3083 1
3084 1
3085 1
3086 6
3087 3
3088 3
3089 1
3090 7
3091 6
3092 5
3093 3
3094 8
3095 5
3096 5
3097 7
3098 7
3099 3
3100 5
3101 4
3102 6
3103 5
3104 2
3105 3
3106 6
3107 5
3108 6
3109 2
3110 4
3111 3
3112 6
3113 5
3114 4
3115 2
3117 6
3118 2
3119 7
3120 6
3121 6
3122 4
3123 1
3124 5
3125 3
3126 7
3127 3
3128 4
3129 5
3130 3
3131 6
3132 4
3133 4
3134 4
3135 4
3136 3
3137 6
3138 3
3139 6
3140 5
3141 5
3142 2
3143 3
3144 4
3145 3
3147 6
3148 4
3149 2
3150 4
3151 6
3152 6
3153 5
3154 8
3155 2
3156 10
3157 7
3158 5
3159 2
3160 2
3161 3
3162 3
3163 4
3164 6
3165 7
3166 5
3167 6
3168 9
3169 4
3170 4
3171 8
3172 8
3173 5
3174 5
3175 5
3176 11
3177 4
3178 4
3179 3
3180 7
3181 5
3182 4
3183 4
3184 6
3185 6
3186 6
3187 5
3188 4
3189 5
3190 3
3191 6
3192 3
3193 3
3194 3
3195 8
3196 7
3197 2
3198 2
3199 2
3200 4
3201 1
3202 3
3203 4
3204 3
3205 8
3207 3
3208 4
3209 9
3210 4
3211 1
3212 4
3213 5
3214 5
3215 1
3216 2
3217 5
3218 6
3219 7
3220 5
3221 5
3222 2
3223 1
3224 2
3225 3
3226 4
3227 3
3228 3
3229 1
3230 5
3231 2
3232 4
3233 5
3234 4
3235 4
3236 4
3237 5
3238 5
3239 6
3240 6
3241 5
3242 4
3243 7
3244 7
3245 7
3246 5
3247 3
3248 9
3249 3
3250 4
3251 2
3252 6
3253 4
3254 5
3255 6
3256 4
3257 5
3258 6
3259 2
3261 5
3262 6
3263 4
3264 4
3265 6
3266 5
3267 4
3268 8
3269 3
3270 4
3271 3
3272 4
3274 2
3275 6
3276 4
3277 2
3278 6
3279 5
3280 5
3281 8
3282 3
3283 5
3284 6
3285 2
3286 2
3287 7
3288 3
3289 5
3290 3
3291 2
3292 6
3293 3
3294 3
3295 3
3296 3
3297 3
3298 5
3299 3
3300 4
3301 6
3302 7
3303 2
3304 5
3305 6
3306 2
3307 4
3308 4
3309 2
3310 5
3311 5
3312 3
3313 1
3314 7
3315 4
3316 2
3317 9
3318 4
3319 8
3320 5
3321 9
3322 6
3323 1
3324 3
3325 5
3326 2
3327 5
3328 5
3329 3
3330 2
3331 3
3332 2
3333 8
3334 4
3335 1
3336 3
3337 4
3338 1
3339 6
3340 1
3341 8
3342 2
3343 3
3344 5
3345 5
3346 3
3347 3
3348 2
3349 4
3350 6
3351 4
3352 3
3353 5
3354 2
3355 11
3356 5
3357 2
3358 7
3359 4
3360 5
3361 4
3362 5
3363 4
3364 4
3365 5
3366 1
3367 3
3368 2
3369 2
3370 3
3371 9
3372 1
3373 1
3374 8
3375 4
3376 3
3377 2
3378 1
3379 2
3380 4
3381 2
3382 5
3383 6
3384 2
3385 2
3386 6
3387 6
3388 6
3389 8
3390 6
3391 3
3392 7
3393 7
3394 6
3395 6
3396 4
3397 3
3398 1
3399 7
3400 5
3401 5
3402 5
3403 6
3404 5
3405 3
3406 1
3407 6
3408 1
3409 7
3410 5
3411 3
3413 5
3414 4
3415 2
3416 7
3417 6
3418 2
3419 1
3420 7
3421 4
3422 4
3423 4
3424 6
3425 3
3426 1
3427 2
3428 8
3429 5
3430 5
3431 3
3432 5
3433 4
3434 2
3435 2
3436 2
3437 2
3438 1
3439 7
3440 3
3441 5
3443 6
3444 3
3445 5
3446 5
3447 3
3448 7
3449 2
3450 10
3451 6
3452 5
3453 1
3454 2
3455 2
3456 6
3457 6
3458 6
3459 1
3460 3
3461 3
3462 4
3464 2
3465 3
3466 6
3468 2
3469 1
3470 5
3471 5
3472 3
3473 9
3474 1
3475 4
3476 4
3477 3
3478 5
3479 8
3480 3
3481 1
3482 5
3483 4
3484 9
3485 4
3486 2
3487 5
3488 1
3489 5
3490 7
3491 5
3492 6
3493 2
3494 1
3495 6
3496 4
3497 2
3498 4
3499 1
3500 1
3501 2
3502 7
3503 1
3504 5
3505 6
3506 3
3507 1
3508 2
3509 2
3510 3
3511 10
3512 3
3513 4
3514 1
3515 5
3516 5
3517 4
3518 3
3519 7
3520 4
3521 1
3522 6
3523 6
3524 2
3525 2
3526 7
3527 4
3528 6
3530 2
3531 7
3532 4
3533 3
3534 5
3535 8
3536 3
3537 9
3538 4
3539 3
3540 5
3541 5
3542 1
3543 8
3544 3
3545 6
3546 2
3547 3
3548 2
3549 2
3550 4
3551 6
3552 8
3553 2
3554 1
3555 4
3556 4
3557 4
3558 6
3559 5
3560 5
3561 4
3562 5
3563 3
3564 4
3565 5
3566 5
3567 2
3568 6
3570 2
3571 3
3572 3
3573 5
3574 7
3575 8
3576 3
3577 3
3578 1
3579 3
3580 4
3581 3
3582 9
3583 3
3584 6
3585 6
3586 5
3587 7
3588 2
3589 2
3590 4
3591 1
3592 2
3593 5
3594 5
3595 2
3596 6
3597 1
3598 8
3599 3
3600 1
3601 3
3602 5
3603 10
3604 1
3605 7
3606 3
3607 5
3608 10
3609 3
3610 7
3611 3
3612 4
3613 5
3614 5
3615 2
3616 1
3617 3
3618 2
3619 5
3620 4
3621 3
3622 6
3623 2
3624 2
3625 6
3626 3
3627 6
3628 7
3629 2
3630 3
3631 2
3632 4
3633 3
3634 5
3635 6
3636 4
3637 3
3639 4
3640 3
3641 5
3642 6
3643 5
3645 2
3646 3
3647 3
3648 2
3649 8
3650 4
3651 5
3652 3
3653 1
3654 3
3655 6
3656 5
3657 4
3658 5
3659 4
3660 3
3661 4
3662 7
3663 5
3664 3
3665 3
3666 3
3667 4
3668 5
3669 6
3670 4
3671 2
3672 4
3673 2
3674 5
3675 3
3676 4
3677 5
3678 2
3680 4
3681 2
3682 4
3683 3
3684 2
3685 2
3686 2
3687 4
3688 2
3689 5
3690 1
3691 1
3692 4
3693 6
3694 3
3695 2
3696 3
3697 5
3698 1
3699 3
3700 4
3701 3
3702 4
3703 3
3704 4
3705 2
3706 2
3707 6
3708 8
3709 6
3710 1
3711 6
3712 7
3713 4
3714 4
3715 2
3716 7
3717 2
3718 1
3719 2
3720 5
3721 1
3722 3
3723 1
3724 9
3725 4
3726 7
3727 5
3728 4
3729 1
3730 6
3731 2
3732 8
3733 3
3734 8
3735 8
3736 4
3737 3
3738 7
3739 2
3740 1
3741 1
3742 2
3743 6
3744 4
3745 1
3746 3
3747 3
3748 3
3749 2
3750 3
3751 4
3752 6
3753 2
3754 3
3755 3
3756 4
3757 8
3758 1
3759 5
3760 5
3761 4
3762 5
3763 3
3764 1
3765 2
3766 1
3767 5
3768 7
3769 1
3770 5
3771 4
3772 3
3773 3
3774 5
3775 4
3776 4
3777 4
3778 5
3779 7
3780 3
3781 5
3782 2
3783 4
3784 1
3785 4
3786 6
3787 4
3788 3
3790 2
3791 4
3792 2
3793 5
3794 7
3795 5
3796 1
3797 4
3798 5
3799 2
3800 4
3801 3
3802 4
3803 3
3805 2
3806 4
3807 4
3808 2
3809 7
3810 1
3811 2
3812 4
3813 4
3814 5
3815 1
3816 5
3817 4
3818 3
3819 3
3820 4
3821 7
3822 6
3823 3
3824 1
3825 3
3826 2
3827 1
3828 9
3829 8
3830 6
3831 5
3832 1
3833 3
3834 1
3835 4
3836 2
3837 3
3838 7
3839 4
3841 2
3842 3
3843 3
3844 5
3845 7
3846 2
3847 7
3848 3
3849 3
3850 3
3851 1
3852 6
3853 6
3854 10
3855 3
3856 2
3857 5
3858 6
3859 7
3860 5
3861 5
3862 5
3863 1
3864 6
3865 5
3866 2
3867 7
3868 5
3869 4
3870 3
3871 2
3872 4
3873 5
3875 3
3876 3
3877 1
3878 2
3879 7
3881 5
3882 4
3883 2
3884 2
3885 5
3886 2
3887 5
3888 3
3889 2
3890 6
3891 4
3892 3
3893 5
3894 4
3895 3
3896 3
3897 3
3898 3
3899 6
3900 2
3901 5
3902 5
3903 2
3904 3
3905 2
3907 3
3908 5
3909 5
3910 5
3911 1
3912 4
3913 3
3914 4
3915 2
3916 6
3918 4
3919 6
3920 2
3921 5
3922 4
3923 3
3924 1
3925 2
3926 2
3927 5
3928 2
3929 5
3930 2
3931 2
3932 2
3933 5
3934 4
3935 8
3936 4
3937 1
3938 5
3939 1
3940 4
3941 2
3942 3
3943 3
3944 3
3945 2
3946 4
3947 3
3948 3
3949 5
3950 2
3951 2
3952 4
3953 4
3954 1
3955 5
3956 3
3957 4
3958 5
3959 3
3960 3
3961 6
3962 6
3963 5
3964 4
3965 2
3966 6
3967 6
3968 2
3969 4
3970 3
3971 4
3972 2
3973 4
3974 6
3975 1
3976 3
3977 3
3978 4
3979 6
3980 3
3981 2
3982 6
3983 6
3984 4
3985 4
3986 3
3987 2
3988 12
3989 4
3990 5
3991 4
3992 3
3993 5
3994 2
3995 2
3996 6
3997 3
3998 1
3999 2
4000 3
4001 4
4002 6
4003 4
4004 5
4005 4
4006 3
4007 4
4008 8
4009 4
4010 3
4011 3
4012 3
4013 2
4014 1
4015 3
4016 3
4017 3
4018 5
4020 3
4021 5
4022 5
4023 4
4024 4
4025 4
4026 3
4027 2
4028 2
4029 4
4030 5
4031 2
4032 5
4033 4
4034 1
4035 1
4036 3
4037 4
4038 4
4039 4
4040 3
4041 4
4042 3
4043 2
4044 4
4045 7
4046 2
4047 9
4048 4
4049 2
4050 2
4053 6
4054 6
4055 6
4056 3
4057 5
4058 1
4059 5
4060 2
4061 9
4062 1
4063 2
4064 4
4065 6
4066 2
4067 1
4068 6
4069 4
4070 4
4071 7
4072 6
4073 4
4074 2
4075 2
4076 2
4077 2
4078 2
4079 4
4080 1
4081 4
4082 3
4083 5
4084 3
4085 6
4086 1
4087 4
4088 2
4089 6
4090 2
4091 3
4092 5
4093 4
4094 1
4095 2
4096 2
4097 8
4098 7
4099 1
4100 10
4101 3
4102 5
4103 3
4105 4
4106 4
4107 4
4108 6
4109 2
4110 6
4111 4
4112 4
4113 5
4114 8
4115 6
4117 2
4118 4
4119 8
4120 1
4121 2
4122 2
4123 5
4124 4
4125 2
4126 4
4127 1
4128 3
4129 10
4130 2
4131 7
4132 3
4133 3
4134 7
4135 2
4136 8
4137 4
4138 5
4139 7
4140 2
4142 6
4143 5
4144 6
4145 3
4146 3
4147 4
4148 6
4149 8
4150 3
4151 3
4152 7
4153 3
4154 4
4155 6
4156 2
4157 3
4158 1
4159 7
4160 3
4161 4
4162 1
4163 5
4164 6
4165 3
4166 7
4167 2
4168 1
4169 2
4170 2
4171 2
4172 3
4173 8
4174 5
4175 4
4176 6
4177 6
4178 4
4179 2
4180 3
4181 2
4182 2
4183 2
4184 6
4185 5
4186 1
4187 5
4188 5
4189 2
4190 4
4191 2
4192 5
4193 5
4194 2
4195 5
4196 4
4197 2
4198 2
4199 1
4200 2
4201 4
4202 4
4203 2
4204 6
4205 3
4206 2
4207 6
4208 5
4209 2
4210 3
4211 7
4212 3
4213 2
4214 1
4215 6
4216 3
4217 7
4218 6
4219 6
4220 2
4221 4
4222 2
4223 5
4224 6
4225 2
4226 4
4227 3
4228 2
4229 1
4230 5
4231 9
4232 4
4233 5
4234 1
4235 4
4236 4
4237 5
4239 6
4240 2
4241 3
4242 2
4243 2
4244 1
4245 4
4246 7
4247 1
4248 1
4249 3
4250 1
4251 4
4252 2
4253 3
4254 6
4255 4
4256 3
4257 8
4258 3
4259 4
4260 2
4261 2
4262 2
4263 3
4264 2
4265 3
4266 2
4267 4
4268 2
4270 8
4271 6
4272 2
4273 3
4274 5
4275 2
4276 2
4277 3
4278 3
4279 2
4280 7
4281 4
4282 1
4283 5
4284 1
4285 1
4286 3
4287 4
4288 3
4289 1
4290 3
4291 4
4292 3
4293 2
4294 3
4295 5
4296 4
4298 4
4299 5
4300 2
4301 5
4302 4
4303 1
4304 3
4305 1
4306 2
4307 5
4308 6
4309 6
4310 3
4311 2
4312 6
4313 4
4314 3
4315 4
4316 2
4317 8
4318 2
4319 7
4320 3
4321 5
4322 2
4323 6
4324 4
4325 1
4326 2
4327 2
4328 3
4329 5
4331 5
4332 10
4333 1
4335 2
4336 5
4337 4
4338 3
4339 5
4340 5
4341 5
4342 2
4343 2
4344 4
4345 6
4346 3
4347 2
4348 3
4349 3
4350 3
4351 2
4352 4
4353 5
4354 3
4355 2
4356 4
4357 1
4358 3
4359 4
4360 2
4361 4
4362 1
4363 6
4364 2
4365 2
4366 6
4367 4
4368 2
4369 1
4370 1
4371 2
4372 2
4373 2
4374 4
4375 4
4376 3
4377 5
4378 3
4379 3
4380 1
4381 5
4382 3
4383 5
4384 5
4385 4
4386 6
4387 1
4388 2
4389 5
4391 3
4392 4
4393 2
4394 5
4395 6
4396 3
4398 4
4399 3
4400 3
4401 7
4402 4
4403 1
4405 4
4406 2
4407 4
4408 1
4409 4
4410 5
4411 8
4412 4
4413 4
4414 5
4415 2
4416 5
4417 3
4418 2
4419 3
4420 2
4421 2
4422 4
4423 4
4424 2
4425 2
4426 4
4427 3
4428 3
4429 9
4430 2
4431 2
4432 6
4434 3
4435 3
4436 4
4437 4
4438 4
4439 3
4440 7
4441 9
4442 2
4443 3
4444 2
4445 2
4446 2
4447 3
4448 1
4450 3
4451 5
4452 3
4453 4
4454 1
4455 4
4456 2
4457 3
4458 8
4459 2
4460 2
4461 4
4462 10
4463 2
4464 4
4465 3
4466 6
4467 3
4468 2
4469 5
4470 4
4471 2
4472 2
4473 4
4474 6
4475 1
4476 6
4477 6
4478 2
4479 9
4480 3
4481 1
4482 3
4483 9
4484 3
4485 4
4486 2
4487 1
4488 3
4489 5
4490 3
4491 6
4492 5
4493 1
4494 4
4495 1
4496 6
4497 1
4498 2
4499 5
4500 3
4501 3
4502 1
4503 3
4504 7
4505 3
4506 1
4507 5
4508 2
4509 1
4510 2
4511 1
4512 2
4513 3
4514 4
4515 3
4516 3
4517 5
4518 3
4519 2
4520 5
4521 4
4522 1
4524 5
4525 3
4526 4
4527 4
4528 3
4529 6
4530 3
4531 5
4532 4
4533 2
4534 1
4535 2
4536 3
4537 1
4538 3
4539 3
4540 2
4541 4
4542 2
4543 2
4544 4
4545 3
4546 3
4547 5
4548 6
4549 5
4550 2
4551 4
4552 4
4553 3
4554 5
4555 4
4556 1
4557 3
4558 2
4559 5
4560 8
4561 3
4562 3
4563 2
4564 4
4565 2
4566 4
4567 5
4568 2
4569 2
4570 1
4571 5
4572 6
4573 2
4574 4
4575 2
4576 6
4577 3
4578 3
4579 3
4580 6
4581 2
4582 3
4583 4
4584 4
4585 3
4586 4
4587 2
4588 1
4589 6
4590 2
4592 5
4593 5
4594 3
4595 3
4596 2
4597 7
4598 1
4599 2
4600 2
4601 5
4602 1
4603 1
4604 5
4605 2
4606 4
4607 4
4608 3
4609 6
4610 4
4611 7
4612 2
4613 6
4614 4
4615 5
4616 6
4618 3
4619 1
4620 8
4621 6
4622 3
4624 3
4625 2
4626 3
4627 4
4628 1
4629 3
4630 3
4631 4
4633 1
4634 4
4635 2
4636 3
4637 1
4638 3
4639 3
4640 2
4641 4
4642 2
4643 2
4644 4
4645 2
4646 3
4647 2
4648 2
4649 4
4650 2
4651 3
4652 4
4653 1
4654 1
4655 8
4656 4
4657 4
4658 2
4659 2
4660 4
4661 2
4662 2
4663 3
4664 3
4666 2
4667 3
4668 5
4669 2
4670 4
4671 1
4672 8
4673 1
4675 2
4676 2
4677 5
4678 1
4679 4
4680 5
4681 3
4683 5
4684 2
4685 3
4686 4
4687 2
4688 4
4689 2
4690 2
4691 4
4693 2
4694 5
4695 3
4696 3
4697 4
4698 3
4699 3
4700 8
4701 2
4702 1
4703 3
4704 2
4705 4
4706 4
4707 1
4708 3
4709 2
4710 9
4711 1
4712 2
4713 2
4714 1
4715 4
4716 4
4717 4
4718 4
4719 4
4721 4
4722 5
4723 1
4724 1
4725 6
4726 6
4727 2
4728 4
4729 3
4730 1
4731 4
4732 2
4733 3
4734 1
4735 1
4736 5
4737 2
4738 4
4739 6
4740 5
4741 3
4742 6
4743 3
4744 3
4745 2
4747 2
4748 3
4749 4
4750 6
4751 2
4752 4
4754 3
4755 4
4756 1
4757 3
4758 3
4759 1
4760 4
4761 5
4762 1
4763 5
4764 4
4765 4
4766 3
4767 4
4768 6
4769 4
4770 2
4771 5
4772 1
4773 2
4774 4
4775 4
4776 7
4777 2
4778 3
4779 4
4780 7
4781 4
4782 2
4783 1
4784 2
4785 5
4786 4
4787 2
4788 2
4789 4
4790 2
4791 4
4792 6
4793 2
4794 3
4795 2
4796 3
4797 1
4798 3
4799 3
4800 3
4801 4
4802 8
4803 1
4804 7
4805 2
4807 3
4808 1
4809 5
4810 5
4812 4
4813 2
4814 2
4815 3
4816 6
4817 2
4818 2
4819 2
4820 2
4821 4
4822 1
4823 3
4824 2
4825 6
4826 2
4827 3
4828 2
4829 3
4830 3
4831 3
4832 4
4833 2
4834 2
4835 4
4836 3
4837 1
4838 6
4839 3
4840 1
4841 4
4842 2
4843 5
4844 2
4845 3
4846 2
4847 3
4848 3
4849 3
4850 3
4851 5
4852 3
4853 2
4854 3
4855 5
4856 1
4858 6
4859 2
4860 5
4861 1
4862 5
4863 4
4865 2
4866 3
4868 1
4869 1
4870 2
4871 2
4872 3
4873 4
4874 1
4875 4
4876 3
4877 2
4878 1
4879 2
4880 3
4881 5
4882 2
4883 2
4884 5
4885 4
4886 1
4887 4
4888 2
4889 5
4890 1
4891 4
4892 6
4893 1
4894 5
4895 5
4896 1
4897 6
4898 3
4899 4
4900 6
4901 7
4902 1
4903 1
4904 1
4905 3
4906 5
4907 4
4908 1
4909 2
4910 2
4911 2
4912 4
4913 5
4914 4
4915 2
4916 4
4917 2
4918 3
4919 1
4920 6
4921 4
4922 4
4923 1
4924 3
4925 5
4926 3
4927 3
4928 4
4929 4
4930 1
4931 3
4932 4
4933 5
4934 3
4935 5
4936 3
4937 4
4938 4
4939 1
4940 2
4942 2
4943 4
4944 4
4945 3
4946 1
4947 4
4949 2
4950 2
4951 1
4952 2
4953 3
4954 2
4955 3
4956 2
4957 2
4958 4
4959 1
4960 3
4961 3
4962 2
4963 1
4964 3
4965 7
4966 1
4967 3
4968 2
4970 5
4971 4
4972 6
4973 4
4974 4
4975 1
4976 4
4978 2
4979 6
4980 2
4981 5
4982 3
4983 1
4984 3
4985 2
4986 5
4987 1
4988 1
4989 3
4990 5
4992 2
4993 5
4994 3
4995 6
4996 1
4997 6
4998 2
4999 3
5000 4
5001 3
5002 3
5003 5
5004 5
5005 4
5006 2
5007 5
5008 2
5009 1
5010 10
5011 4
5012 1
5013 1
5014 4
5015 2
5016 4
5018 4
5019 2
5020 2
5021 4
5023 1
5024 3
5025 3
5026 3
5028 2
5029 3
5030 3
5031 4
5032 4
5033 1
5034 4
5036 1
5037 1
5039 2
5040 4
5041 5
5042 2
5043 6
5044 7
5045 2
5046 3
5047 5
5048 5
5049 4
5050 4
5051 3
5052 1
5053 2
5055 4
5056 2
5057 4
5058 3
5059 1
5060 3
5061 5
5062 3
5063 5
5064 2
5065 2
5066 1
5067 1
5068 2
5069 1
5070 1
5071 3
5072 1
5073 5
5074 1
5075 3
5076 3
5078 2
5079 2
5080 7
5081 3
5082 5
5083 5
5084 6
5085 1
5086 3
5087 3
5088 3
5089 3
5090 3
5091 2
5092 3
5093 4
5094 2
5096 3
5097 4
5098 4
5099 7
5100 3
5101 1
5102 3
5103 1
5104 1
5105 5
5106 5
5107 3
5108 3
5109 6
5110 3
5111 3
5112 5
5113 3
5114 5
5115 5
5116 1
5117 4
5118 1
5119 4
5120 1
5121 5
5122 5
5123 3
5124 2
5125 1
5126 2
5127 3
5128 5
5129 6
5130 2
5131 4
5132 5
5133 7
5134 3
5135 1
5136 3
5137 3
5139 4
5140 5
5141 5
5142 4
5143 3
5144 6
5145 1
5146 5
5147 6
5148 1
5149 3
5150 2
5151 3
5152 2
5153 3
5154 3
5155 2
5156 1
5157 2
5158 2
5159 3
5160 5
5161 2
5162 3
5163 7
5164 5
5165 1
5166 2
5167 2
5168 1
5169 2
5170 1
5171 4
5172 4
5173 4
5174 3
5175 3
5176 2
5177 2
5178 1
5179 1
5180 4
5181 3
5182 3
5183 4
5184 2
5185 1
5186 2
5187 6
5188 4
5189 2
5190 8
5191 2
5192 3
5193 3
5194 1
5195 4
5196 4
5197 3
5198 1
5199 3
5200 2
5201 4
5202 4
5203 3
5204 2
5205 3
5206 2
5207 5
5208 4
5209 3
5210 4
5211 6
5212 7
5213 2
5214 4
5215 4
5216 3
5217 1
5218 5
5219 2
5220 4
5221 2
5222 1
5223 2
5224 2
5226 4
5227 1
5228 2
5229 3
5230 9
5231 3
5232 5
5233 3
5234 8
5235 2
5236 3
5237 5
5238 3
5239 2
5240 5
5241 6
5242 3
5243 2
5245 3
5247 2
5248 6
5249 1
5250 3
5251 1
5252 1
5253 1
5254 3
5255 5
5256 3
5258 4
5259 4
5260 3
5261 2
5262 2
5263 2
5264 1
5265 4
5266 1
5267 2
5268 3
5269 3
5270 4
5271 2
5272 2
5273 3
5274 3
5275 2
5276 1
5277 4
5278 2
5280 3
5281 1
5282 4
5283 2
5284 2
5285 2
5286 1
5287 3
5288 1
5289 1
5290 3
5291 4
5292 2
5293 5
5294 2
5295 3
5296 1
5297 2
5299 5
5300 2
5301 5
5302 2
5303 1
5304 2
5305 6
5306 1
5308 3
5309 4
5310 4
5311 2
5312 2
5313 1
5314 4
5315 2
5316 4
5317 1
5318 4
5319 1
5320 3
5321 4
5322 5
5323 2
5324 3
5325 1
5326 2
5327 5
5328 2
5330 3
5331 4
5332 2
5333 6
5334 5
5335 2
5336 2
5337 3
5338 1
5339 3
5340 5
5342 5
5343 1
5344 1
5345 4
5347 2
5348 4
5349 4
5351 2
5353 2
5354 1
5355 4
5356 6
5357 5
5358 3
5359 1
5360 5
5361 7
5362 3
5363 3
5364 1
5365 4
5366 3
5367 1
5368 1
5369 3
5370 1
5371 1
5372 1
5373 4
5374 1
5375 4
5376 2
5377 1
5378 4
5379 6
5380 1
5381 2
5382 3
5383 3
5384 3
5385 2
5387 2
5388 9
5389 3
5391 4
5392 2
5393 6
5395 3
5396 1
5397 5
5399 2
5400 3
5401 3
5402 2
5403 2
5405 5
5406 6
5407 4
5408 5
5409 6
5410 3
5411 3
5412 3
5413 3
5414 1
5415 4
5416 5
5417 3
5418 5
5419 2
5420 4
5421 5
5422 3
5423 1
5425 5
5426 2
5427 3
5428 2
5429 3
5430 3
5431 3
5432 1
5434 1
5435 2
5436 2
5437 2
5438 5
5439 1
5440 4
5441 3
5442 3
5443 3
5444 3
5445 3
5446 1
5447 1
5448 2
5449 4
5450 3
5451 4
5452 4
5453 4
5454 3
5455 5
5456 4
5457 1
5458 4
5459 1
5460 3
5461 1
5462 6
5463 1
5464 7
5465 3
5466 1
5467 6
5468 3
5469 3
5470 1
5471 1
5472 2
5473 4
5474 2
5475 2
5476 2
5477 2
5478 1
5479 5
5480 4
5481 2
5482 5
5483 4
5484 2
5486 5
5487 3
5488 3
5489 2
5491 6
5492 3
5493 3
5494 2
5495 1
5496 2
5497 3
5498 1
5499 2
5500 3
5501 3
5502 3
5503 2
5504 4
5505 5
5506 1
5507 4
5508 2
5509 2
5510 1
5511 3
5512 1
5513 3
5514 3
5515 3
5516 2
5517 3
5518 3
5519 5
5520 2
5521 3
5522 1
5523 4
5524 5
5525 3
5526 5
5527 6
5528 4
5529 3
5530 1
5531 2
5532 4
5533 3
5534 3
5535 6
5536 1
5537 4
5538 4
5539 5
5541 2
5542 1
5543 2
5545 3
5546 3
5547 2
5548 5
5549 4
5550 2
5551 4
5553 1
5555 3
5556 3
5557 2
5558 3
5559 5
5560 3
5563 4
5564 2
5565 5
5566 2
5567 3
5568 3
5569 2
5570 1
5571 3
5572 3
5573 2
5574 4
5575 5
5576 2
5577 5
5578 3
5579 2
5580 6
5581 4
5582 1
5583 5
5584 1
5585 2
5586 4
5587 4
5588 1
5589 5
5590 4
5591 2
5592 3
5593 4
5594 2
5595 3
5596 1
5598 4
5600 1
5601 6
5602 4
5603 4
5604 2
5605 2
5606 5
5607 5
5608 4
5609 2
5610 3
5611 2
5612 2
5613 3
5614 2
5615 1
5616 4
5617 3
5618 1
5619 6
5620 2
5621 6
5622 1
5623 3
5625 2
5626 1
5627 3
5628 1
5629 4
5630 1
5631 2
5632 3
5633 2
5634 3
5635 3
5636 3
5637 6
5638 3
5639 8
5640 4
5641 1
5643 4
5644 3
5645 1
5646 3
5647 7
5648 3
5649 4
5650 3
5651 1
5652 4
5653 3
5654 2
5655 1
5656 2
5657 3
5658 1
5659 3
5661 2
5662 5
5663 4
5665 3
5666 1
5667 1
5669 3
5670 1
5671 2
5672 1
5673 1
5674 4
5676 5
5677 2
5678 5
5679 1
5680 1
5681 3
5682 1
5685 5
5686 2
5687 2
5688 5
5690 1
5691 3
5692 2
5694 3
5695 5
5696 1
5697 2
5698 3
5699 2
5700 2
5701 1
5702 2
5703 8
5704 2
5705 7
5706 1
5707 5
5708 5
5709 1
5710 7
5711 4
5712 4
5713 2
5714 3
5715 1
5716 3
5717 4
5718 1
5719 3
5720 1
5722 5
5723 3
5725 2
5727 4
5729 4
5730 2
5731 1
5732 3
5733 2
5734 4
5735 3
5736 4
5738 1
5739 3
5740 6
5741 5
5742 3
5743 2
5744 4
5745 6
5746 3
5747 2
5748 2
5749 2
5750 5
5751 1
5752 4
5754 3
5755 2
5756 4
5757 2
5758 4
5759 1
5760 4
5761 2
5762 1
5764 3
5765 3
5766 2
5767 3
5768 7
5769 2
5770 1
5771 4
5772 5
5773 5
5774 2
5775 3
5776 3
5777 2
5778 2
5779 3
5780 1
5781 4
5782 4
5783 3
5784 2
5785 2
5786 2
5787 2
5788 2
5789 3
5790 6
5791 2
5792 5
5793 2
5794 2
5795 2
5796 3
5797 3
5798 1
5800 6
5801 3
5802 3
5803 1
5804 1
5805 4
5806 3
5807 3
5808 3
5809 1
5810 3
5811 2
5812 1
5813 3
5814 3
5815 1
5816 3
5818 3
5819 3
5820 3
5821 5
5822 1
5823 1
5824 2
5827 6
5828 1
5829 2
5830 5
5831 4
5832 1
5833 5
5834 4
5835 5
5836 4
5837 1
5838 1
5839 3
5840 2
5841 3
5842 3
5843 3
5844 1
5845 3
5846 2
5847 2
5849 1
5850 3
5851 1
5852 2
5853 5
5854 3
5856 1
5857 3
5858 1
5859 6
5860 1
5861 3
5863 2
5865 3
5866 1
5868 5
5869 4
5870 1
5872 7
5873 2
5874 3
5875 2
5876 6
5877 1
5879 5
5880 3
5881 2
5882 4
5883 6
5884 2
5885 3
5886 1
5887 4
5888 1
5889 5
5891 3
5892 1
5893 2
5894 5
5895 4
5896 3
5897 1
5898 1
5899 4
5900 2
5901 1
5903 2
5904 2
5905 2
5906 4
5907 1
5908 3
5909 3
5910 2
5911 3
5912 3
5913 2
5914 1
5915 2
5916 2
5918 1
5919 1
5920 1
5921 1
5922 2
5923 2
5924 4
5925 2
5926 5
5927 6
5928 3
5929 5
5930 1
5931 3
5932 2
5933 1
5934 1
5936 1
5937 4
5938 3
5939 5
5940 2
5941 2
5942 1
5943 2
5944 2
5945 2
5946 1
5947 1
5948 1
5949 3
5950 2
5951 2
5952 2
5953 3
5954 3
5955 1
5956 1
5957 4
5958 2
5959 7
5960 2
5961 1
5962 2
5964 2
5965 2
5966 5
5967 1
5968 3
5969 3
5970 3
5971 6
5973 5
5974 3
5975 2
5976 5
5977 3
5978 2
5979 3
5980 2
5981 2
5982 4
5983 4
5984 3
5986 3
5988 4
5989 3
5991 1
5992 1
5993 1
5994 1
5996 3
5997 4
5998 4
5999 1
6000 5
6001 6
6002 4
6003 5
6004 5
6005 5
6006 1
6007 4
6008 3
6009 1
6010 4
6011 2
6012 1
6013 1
6014 4
6015 3
6016 3
6017 1
6018 2
6019 2
6020 2
6021 2
6022 2
6023 3
6024 5
6025 1
6026 3
6027 2
6028 2
6029 5
6031 3
6032 1
6033 5
6034 1
6035 2
6036 3
6037 1
6038 1
6039 3
6040 4
6041 6
6042 2
6043 3
6044 2
6045 2
6046 2
6047 2
6048 1
6049 2
6050 4
6051 2
6052 2
6053 2
6055 2
6056 2
6057 2
6058 3
6059 2
6060 1
6061 1
6062 6
6063 7
6064 2
6065 2
6066 1
6067 5
6069 1
6070 3
6071 1
6072 1
6073 4
6074 6
6075 4
6076 1
6077 5
6078 3
6079 3
6080 3
6082 1
6083 2
6084 5
6085 2
6086 2
6087 2
6088 3
6089 2
6091 1
6092 5
6093 3
6094 3
6095 2
6096 4
6097 5
6098 2
6099 2
6100 4
6101 3
6102 2
6103 4
6104 1
6105 5
6106 5
6107 3
6109 3
6110 5
6111 2
6112 2
6113 6
6114 3
6115 2
6116 2
6117 1
6118 1
6119 2
6120 1
6121 3
6122 5
6123 2
6125 2
6126 1
6127 4
6128 2
6129 3
6130 2
6132 5
6133 2
6134 1
6135 1
6136 1
6137 4
6138 3
6139 6
6141 2
6142 1
6143 2
6144 3
6145 8
6146 2
6147 1
6149 1
6151 2
6152 1
6154 3
6155 2
6156 4
6157 3
6158 2
6159 1
6160 3
6161 3
6162 2
6163 4
6164 7
6165 1
6166 3
6167 4
6168 1
6169 1
6171 2
6172 1
6173 4
6174 2
6175 5
6176 3
6177 2
6178 5
6179 2
6180 2
6181 6
6182 6
6183 1
6184 2
6185 1
6186 2
6187 2
6188 3
6189 2
6190 1
6191 2
6194 3
6195 6
6196 3
6197 4
6198 4
6199 6
6201 1
6202 2
6203 1
6205 4
6206 5
6207 3
6208 2
6209 1
6210 2
6211 3
6212 2
6213 2
6214 2
6215 3
6216 2
6217 2
6218 2
6220 3
6221 1
6222 3
6223 4
6224 2
6225 2
6226 1
6227 3
6228 1
6229 1
6230 3
6231 1
6232 1
6233 2
6234 3
6235 5
6236 4
6237 1
6238 5
6239 1
6240 2
6241 4
6242 1
6243 5
6244 1
6245 2
6246 3
6247 3
6249 2
6250 7
6251 4
6252 1
6253 1
6254 3
6255 3
6256 2
6258 2
6259 5
6260 1
6261 3
6262 2
6264 1
6265 4
6266 4
6267 1
6268 1
6269 5
6270 3
6271 4
6272 3
6273 3
6274 1
6275 3
6276 1
6277 1
6279 3
6280 6
6281 2
6282 2
6283 5
6284 2
6285 2
6286 5
6287 1
6288 1
6289 2
6290 2
6291 2
6292 2
6294 3
6295 2
6296 3
6297 2
6298 2
6299 3
6300 2
6301 2
6302 1
6304 2
6305 2
6306 2
6307 2
6308 1
6309 1
6310 1
6312 1
6313 3
6314 4
6315 1
6316 2
6317 3
6318 2
6320 2
6322 5
6324 1
6325 1
6326 2
6327 3
6328 3
6329 2
6330 2
6331 1
6332 3
6333 3
6334 4
6336 1
6338 2
6339 2
6341 3
6342 3
6343 1
6344 1
6345 3
6346 1
6347 2
6348 2
6349 1
6350 5
6351 1
6352 6
6354 3
6356 6
6357 2
6359 4
6360 5
6361 3
6365 1
6366 2
6367 4
6368 3
6369 3
6371 2
6372 2
6373 4
6374 1
6375 2
6376 3
6377 1
6378 3
6380 2
6381 2
6382 4
6383 4
6384 2
6385 2
6386 2
6387 1
6388 2
6391 1
6392 5
6393 3
6394 7
6395 5
6396 5
6397 3
6398 1
6399 3
6400 2
6401 2
6402 5
6403 1
6404 2
6405 4
6406 2
6407 3
6408 3
6409 1
6410 1
6411 1
6412 1
6413 1
6414 3
6415 4
6416 2
6418 1
6419 1
6420 5
6421 2
6422 2
6423 3
6424 1
6425 2
6426 3
6427 4
6428 4
6429 2
6430 2
6431 5
6432 2
6433 5
6434 1
6435 1
6436 4
6437 1
6438 6
6439 2
6440 2
6441 1
6442 4
6443 2
6445 6
6446 2
6447 2
6448 4
6449 1
6450 1
6451 1
6452 2
6453 1
6454 1
6455 5
6456 1
6457 3
6458 2
6459 1
6461 3
6462 1
6463 4
6464 3
6465 1
6466 2
6467 4
6468 1
6469 7
6470 2
6471 2
6472 4
6473 6
6474 4
6475 2
6476 4
6478 1
6479 3
6480 4
6481 1
6482 4
6483 1
6484 3
6486 1
6487 2
6488 4
6489 4
6490 2
6491 3
6492 2
6493 2
6494 3
6495 4
6496 2
6497 4
6498 4
6499 2
6500 2
6501 4
6502 4
6503 4
6504 2
6505 3
6506 3
6507 2
6508 3
6509 3
6510 1
6511 2
6512 1
6513 1
6514 2
6515 2
6516 2
6517 3
6518 1
6519 3
6521 3
6522 4
6524 5
6525 2
6526 2
6527 3
6528 2
6529 2
6530 1
6531 5
6532 1
6533 4
6534 3
6535 3
6536 1
6537 1
6538 2
6539 4
6540 2
6542 3
6543 3
6545 3
6546 2
6547 3
6548 4
6549 4
6550 2
6551 2
6552 2
6553 5
6554 1
6555 1
6556 2
6557 2
6558 4
6559 3
6561 2
6562 1
6564 2
6565 1
6566 1
6567 1
6568 1
6569 3
6570 2
6571 1
6572 2
6573 6
6574 5
6575 1
6577 2
6578 4
6579 5
6580 2
6581 1
6582 3
6583 2
6584 3
6585 1
6587 1
6588 3
6589 3
6590 1
6591 6
6592 1
6594 2
6595 2
6596 3
6597 1
6598 3
6599 7
6601 4
6602 3
6603 1
6604 1
6605 2
6606 2
6607 2
6608 6
6609 4
6610 3
6611 1
6612 5
6613 4
6614 2
6615 5
6616 1
6617 4
6618 3
6619 2
6620 4
6621 2
6622 1
6623 1
6625 2
6626 1
6627 5
6628 2
6629 4
6630 2
6631 2
6632 1
6633 1
6634 1
6636 3
6637 5
6638 3
6639 1
6640 2
6641 1
6642 3
6643 2
6645 8
6646 1
6647 5
6648 3
6650 1
6651 2
6652 2
6653 3
6654 2
6655 5
6656 4
6657 3
6658 1
6659 2
6660 3
6661 5
6662 3
6663 2
6665 3
6666 3
6667 1
6669 3
6670 1
6671 2
6672 2
6673 1
6674 2
6675 2
6676 3
6677 8
6678 5
6679 5
6680 1
6681 3
6682 2
6683 4
6684 3
6685 2
6686 1
6687 2
6688 1
6689 1
6690 1
6691 2
6692 3
6693 5
6694 1
6695 1
6696 1
6698 2
6699 1
6700 2
6701 2
6702 3
6703 1
6704 5
6705 2
6707 2
6708 2
6710 2
6711 2
6713 2
6714 4
6715 1
6716 3
6717 7
6718 2
6719 3
6720 3
6721 1
6722 4
6723 5
6724 1
6725 1
6726 4
6727 5
6728 2
6730 3
6731 2
6732 1
6733 1
6735 4
6736 4
6738 1
6739 1
6740 1
6741 2
6742 2
6743 3
6744 1
6745 1
6746 1
6748 5
6749 1
6750 4
6751 2
6752 1
6753 1
6754 2
6756 1
6758 2
6759 2
6760 2
6761 4
6762 1
6764 1
6765 1
6766 2
6767 4
6768 2
6769 3
6770 4
6771 4
6772 4
6773 2
6774 2
6775 2
6776 4
6777 1
6778 3
6779 2
6780 2
6782 2
6784 3
6785 1
6786 2
6788 6
6789 4
6790 1
6791 3
6792 1
6793 1
6794 4
6795 2
6796 1
6798 4
6799 1
6800 2
6802 1
6803 1
6804 1
6806 2
6807 3
6808 1
6809 3
6811 4
6812 1
6813 1
6814 3
6815 1
6816 1
6817 2
6818 1
6819 1
6822 3
6823 4
6824 1
6825 5
6826 1
6827 3
6828 2
6829 3
6830 3
6831 1
6832 1
6834 3
6835 1
6836 2
6837 1
6838 3
6839 1
6840 3
6841 2
6842 1
6843 3
6844 3
6845 1
6846 2
6848 1
6849 2
6851 1
6852 4
6853 2
6854 2
6855 2
6856 5
6857 2
6858 2
6859 3
6860 1
6861 3
6862 1
6863 2
6864 1
6865 4
6866 4
6867 3
6868 1
6869 5
6870 1
6871 3
6872 2
6873 2
6875 1
6876 6
6878 1
6879 4
6880 1
6881 4
6882 3
6883 3
6884 2
6885 4
6886 1
6887 3
6888 3
6889 1
6890 2
6891 1
6892 3
6893 3
6894 2
6896 1
6897 1
6898 4
6899 3
6900 2
6901 2
6902 1
6903 2
6904 4
6905 2
6906 2
6907 4
6908 1
6909 4
6910 2
6912 4
6913 3
6914 4
6915 1
6916 2
6917 4
6918 1
6919 1
6920 1
6921 1
6922 3
6923 3
6924 2
6925 2
6926 3
6927 3
6928 4
6929 2
6930 2
6931 3
6932 2
6933 1
6934 3
6936 2
6937 1
6938 3
6939 2
6940 1
6941 2
6942 1
6943 6
6944 2
6945 3
6946 2
6947 1
6948 2
6952 3
6953 1
6955 3
6956 1
6957 4
6958 4
6959 4
6960 3
6961 2
6962 2
6963 2
6964 2
6965 1
6966 1
6967 1
6968 1
6969 1
6971 4
6972 1
6973 2
6974 1
6975 3
6976 4
6977 4
6978 3
6980 2
6983 2
6984 3
6985 1
6986 2
6987 2
6988 3
6990 1
6991 5
6992 2
6994 3
6995 3
6996 2
6997 3
6998 3
7000 3
7001 4
7002 3
7003 2
7004 2
7005 3
7008 3
7009 2
7010 1
7011 2
7012 3
7013 3
7014 2
7015 4
7016 1
7017 1
7018 1
7019 1
7020 2
7021 1
7022 3
7023 2
7024 2
7025 3
7026 3
7028 1
7029 4
7030 2
7031 5
7032 1
7034 2
7035 2
7036 1
7037 2
7038 1
7039 2
7041 5
7043 2
7044 1
7045 3
7046 2
7047 2
7049 1
7050 5
7051 1
7052 4
7053 1
7054 4
7055 5
7056 1
7057 2
7058 3
7059 4
7060 1
7061 1
7062 3
7063 2
7064 5
7065 4
7066 3
7067 3
7068 1
7069 2
7070 1
7072 1
7073 1
7074 1
7075 3
7077 4
7078 2
7079 1
7080 1
7081 2
7082 1
7083 5
7084 1
7085 1
7087 2
7088 1
7089 5
7090 1
7091 3
7092 1
7093 4
7094 2
7095 2
7096 2
7097 2
7098 3
7099 1
7100 2
7101 1
7102 1
7103 2
7105 3
7106 3
7107 1
7108 5
7109 4
7110 4
7114 3
7115 1
7116 1
7117 4
7118 4
7119 1
7121 2
7122 5
7123 1
7124 2
7125 2
7126 1
7127 1
7128 1
7129 5
7130 2
7131 3
7132 1
7133 3
7134 2
7136 3
7137 2
7138 2
7139 4
7140 1
7141 5
7142 4
7143 7
7144 3
7145 2
7146 1
7147 1
7148 3
7149 4
7150 2
7151 3
7152 2
7153 3
7154 4
7155 1
7156 3
7157 1
7158 3
7159 4
7160 2
7162 3
7163 2
7164 1
7165 2
7166 1
7167 2
7168 3
7169 1
7170 3
7171 3
7172 1
7173 1
7174 3
7175 3
7177 4
7178 3
7179 1
7180 1
7181 2
7182 5
7183 2
7185 1
7186 6
7187 4
7188 2
7189 6
7191 1
7193 3
7195 3
7196 2
7197 1
7198 1
7199 4
7200 1
7202 4
7203 4
7204 1
7206 1
7207 2
7208 1
7209 1
7210 2
7211 2
7212 4
7213 4
7214 6
7215 1
7216 4
7217 4
7218 2
7220 6
7221 3
7223 4
7225 3
7226 2
7227 2
7228 3
7230 1
7231 2
7232 4
7233 1
7234 1
7235 3
7236 3
7237 1
7238 1
7239 1
7243 4
7244 3
7245 1
7246 2
7247 2
7248 1
7249 1
7250 3
7251 5
7252 4
7253 1
7254 1
7255 3
7256 2
7257 3
7258 4
7259 1
7260 2
7261 4
7262 2
7263 1
7265 3
7266 3
7267 2
7268 3
7269 3
7270 1
7271 1
7273 1
7274 3
7275 1
7277 6
7279 3
7280 4
7282 1
7283 2
7284 2
7285 3
7286 3
7287 5
7288 1
7289 3
7290 2
7291 3
7292 2
7293 2
7294 1
7295 3
7297 3
7298 3
7299 3
7300 3
7301 3
7302 3
7303 3
7304 3
7306 4
7307 3
7308 5
7309 2
7310 3
7311 1
7312 2
7314 2
7315 2
7316 3
7317 3
7318 3
7319 1
7320 2
7321 2
7323 2
7324 3
7325 3
7326 2
7328 3
7329 1
7330 1
7331 1
7332 1
7333 2
7334 6
7335 3
7336 2
7337 2
7338 1
7339 3
7340 3
7341 1
7343 1
7344 3
7345 3
7347 1
7348 2
7349 1
7353 1
7354 1
7355 2
7356 4
7357 3
7358 1
7359 2
7360 2
7361 4
7362 1
7364 1
7365 2
7367 2
7368 2
7369 1
7370 1
7371 3
7372 1
7374 2
7377 2
7378 2
7379 2
7380 1
7381 2
7382 1
7383 1
7384 2
7386 2
7387 4
7388 3
7390 5
7391 5
7392 1
7393 5
7394 2
7395 3
7396 4
7397 1
7398 2
7399 3
7400 5
7401 5
7402 2
7403 4
7404 2
7406 2
7407 1
7409 1
7410 2
7411 2
7412 3
7413 1
7414 1
7415 6
7416 1
7417 2
7418 2
7419 1
7420 1
7421 2
7422 3
7423 2
7424 4
7425 2
7426 1
7427 3
7428 4
7429 2
7430 2
7431 2
7432 2
7433 2
7434 2
7435 3
7436 2
7437 3
7438 2
7439 3
7440 3
7441 2
7442 2
7445 1
7446 1
7447 2
7449 3
7450 4
7451 2
7452 4
7453 4
7454 2
7455 4
7456 2
7458 2
7459 4
7462 5
7463 1
7464 2
7466 2
7467 2
7468 2
7469 2
7471 3
7472 4
7473 2
7474 4
7475 1
7476 1
7477 1
7478 4
7479 1
7480 2
7481 1
7482 4
7483 1
7484 2
7485 3
7486 2
7488 3
7490 2
7491 2
7492 1
7493 1
7494 4
7495 2
7496 3
7497 3
7498 2
7499 1
7500 3
7501 2
7504 1
7505 3
7506 5
7507 1
7508 1
7510 2
7511 2
7512 2
7513 2
7514 3
7515 2
7516 3
7517 2
7518 1
7520 1
7521 2
7523 4
7524 5
7525 1
7526 3
7527 3
7528 3
7529 3
7534 2
7535 2
7536 5
7537 2
7538 1
7540 1
7541 3
7542 1
7544 2
7545 2
7546 5
7547 2
7548 1
7550 1
7552 1
7553 1
7554 1
7555 1
7556 2
7557 1
7558 2
7559 5
7560 2
7561 3
7562 1
7563 1
7564 2
7565 2
7566 1
7567 2
7568 1
7571 2
7573 1
7574 2
7575 2
7576 1
7578 3
7579 3
7580 1
7581 3
7582 3
7583 1
7584 1
7585 1
7587 4
7588 3
7589 1
7590 1
7591 2
7592 3
7594 3
7595 4
7596 3
7597 3
7598 3
7599 3
7600 2
7601 1
7603 3
7604 3
7606 2
7607 4
7608 1
7609 1
7610 3
7611 2
7612 2
7613 1
7614 1
7616 2
7617 2
7618 1
7619 3
7621 2
7623 1
7624 1
7626 2
7627 1
7629 1
7630 1
7631 2
7633 1
7634 2
7635 4
7636 3
7637 1
7638 1
7640 3
7641 1
7642 1
7643 1
7644 2
7645 2
7646 6
7648 1
7650 2
7651 1
7652 1
7653 2
7655 3
7656 3
7658 1
7659 1
7660 1
7661 1
7662 2
7663 5
7665 2
7666 2
7667 1
7669 2
7670 4
7671 2
7673 2
7675 2
7676 2
7677 1
7678 1
7679 4
7680 2
7681 6
7683 1
7684 1
7685 4
7686 5
7687 2
7688 2
7689 2
7690 2
7691 3
7693 1
7695 2
7696 1
7697 2
7698 2
7699 1
7700 3
7701 1
7702 2
7703 4
7704 2
7705 2
7706 1
7707 2
7708 1
7709 1
7710 3
7711 2
7712 5
7713 3
7714 2
7715 2
7718 1
7719 4
7720 2
7721 3
7722 1
7723 1
7724 4
7725 3
7726 4
7727 2
7728 1
7729 1
7730 5
7731 1
7732 1
7733 2
7734 2
7735 3
7736 1
7737 3
7738 2
7739 2
7740 2
7741 4
7742 2
7744 1
7745 1
7746 1
7747 2
7748 2
7749 2
7750 2
7751 1
7752 1
7754 3
7755 2
7756 3
7757 2
7758 3
7759 3
7760 3
7761 1
7762 2
7763 3
7764 2
7765 2
7766 1
7768 2
7769 1
7770 2
7771 1
7772 4
7774 2
7775 3
7776 1
7777 2
7778 2
7779 3
7781 1
7782 3
7783 2
7784 2
7785 4
7787 1
7788 3
7789 1
7790 2
7791 2
7792 2
7793 3
7794 2
7796 4
7797 2
7798 1
7799 2
7800 1
7801 1
7802 2
7803 2
7805 2
7807 3
7808 3
7809 2
7810 1
7811 2
7812 1
7813 3
7814 3
7815 2
7816 2
7817 1
7818 1
7819 1
7820 2
7821 1
7823 1
7824 1
7825 1
7826 1
7828 2
7829 1
7831 6
7832 1
7833 2
7834 2
7836 3
7837 4
7838 4
7839 2
7840 1
7841 2
7842 4
7843 2
7844 1
7845 2
7846 8
7848 2
7849 4
7850 2
7851 1
7852 4
7853 1
7854 1
7855 4
7856 2
7857 1
7858 2
7860 4
7861 3
7862 2
7863 1
7864 1
7865 1
7868 2
7869 2
7870 2
7872 3
7873 1
7874 1
7875 1
7876 3
7878 2
7879 2
7880 1
7881 1
7882 5
7883 2
7884 3
7885 3
7886 4
7887 2
7888 2
7889 2
7891 2
7892 6
7893 2
7894 6
7896 1
7897 3
7898 1
7900 2
7901 1
7902 2
7903 1
7904 2
7905 1
7907 3
7908 1
7909 2
7910 2
7912 1
7913 4
7914 2
7915 1
7916 2
7917 1
7918 3
7919 1
7921 3
7922 1
7923 1
7924 2
7925 1
7926 2
7928 2
7929 2
7930 2
7931 4
7932 1
7933 1
7934 2
7935 2
7936 3
7937 6
7938 1
7939 2
7940 1
7941 4
7942 2
7943 2
7944 4
7945 3
7946 4
7947 2
7948 1
7949 4
7950 2
7951 1
7953 1
7954 2
7955 2
7957 2
7959 1
7960 1
7961 1
7962 1
7964 1
7966 2
7967 1
7968 3
7969 1
7970 2
7971 1
7973 1
7975 2
7978 2
7979 1
7980 1
7981 2
7982 2
7984 3
7985 3
7986 1
7987 2
7988 4
7989 2
7991 1
7992 1
7993 3
7994 4
7995 1
7996 2
7997 2
7998 2
7999 3
8000 3
8001 1
8002 2
8004 3
8006 3
8007 1
8008 3
8010 3
8012 1
8015 4
8016 1
8017 2
8018 1
8019 2
8020 2
8021 2
8022 2
8023 3
8024 2
8025 3
8026 1
8027 3
8029 3
8030 2
8031 4
8032 1
8033 4
8034 1
8035 3
8036 1
8037 4
8038 1
8039 1
8041 1
8042 4
8043 3
8044 2
8045 6
8047 2
8049 2
8051 1
8052 2
8053 2
8054 2
8055 2
8056 3
8057 1
8058 1
8059 1
8060 1
8061 4
8062 4
8063 3
8064 2
8065 2
8066 3
8067 1
8068 6
8069 2
8070 3
8071 2
8073 3
8074 3
8075 2
8076 2
8077 3
8080 1
8081 2
8082 2
8083 2
8084 2
8085 1
8086 1
8087 1
8088 1
8089 1
8090 2
8091 1
8092 5
8093 1
8095 3
8096 3
8097 2
8098 6
8100 4
8105 1
8106 2
8107 1
8108 1
8109 1
8111 2
8113 4
8114 2
8115 1
8116 3
8117 1
8118 4
8119 1
8120 3
8121 1
8122 2
8123 1
8124 2
8126 3
8127 3
8128 1
8130 2
8131 2
8132 3
8134 1
8135 1
8136 1
8137 2
8139 2
8140 1
8141 1
8142 1
8143 2
8144 1
8146 7
8148 1
8150 2
8151 1
8152 2
8153 2
8155 2
8156 2
8157 1
8158 3
8159 1
8160 1
8161 1
8163 1
8164 1
8165 1
8168 1
8169 2
8170 5
8171 4
8172 1
8173 2
8174 2
8175 1
8176 4
8177 1
8178 4
8179 2
8180 1
8182 2
8183 2
8184 3
8185 1
8186 1
8188 1
8190 2
8191 1
8192 3
8193 2
8194 3
8195 3
8197 1
8198 3
8199 3
8200 3
8201 2
8202 2
8204 1
8205 1
8206 3
8207 1
8209 1
8211 2
8213 3
8214 2
8216 2
8219 2
8220 3
8222 4
8223 3
8224 3
8225 2
8226 1
8227 3
8228 2
8230 2
8231 2
8232 3
8234 1
8235 1
8236 1
8237 1
8238 3
8240 2
8241 2
8242 4
8243 1
8244 1
8245 1
8246 1
8247 4
8248 3
8250 4
8251 1
8252 2
8254 1
8255 1
8257 1
8258 1
8259 2
8260 2
8262 2
8263 3
8264 2
8265 4
8266 5
8267 4
8269 1
8270 1
8271 3
8273 2
8274 2
8275 1
8277 1
8279 1
8280 6
8281 2
8282 3
8285 2
8286 1
8287 1
8288 1
8290 2
8291 2
8293 5
8294 2
8296 1
8297 2
8299 1
8300 2
8301 3
8302 2
8303 1
8304 3
8307 2
8309 1
8310 1
8311 3
8312 1
8313 3
8314 1
8315 2
8316 2
8317 2
8318 3
8319 2
8320 1
8321 1
8322 3
8323 3
8324 2
8326 2
8327 1
8328 1
8329 1
8330 1
8331 2
8332 1
8333 2
8334 2
8335 1
8337 3
8340 4
8341 3
8342 2
8343 1
8344 1
8345 1
8346 3
8347 2
8348 2
8349 3
8350 2
8352 1
8353 3
8355 2
8356 2
8358 3
8359 1
8360 7
8361 2
8363 2
8364 1
8365 3
8366 2
8367 1
8368 2
8369 3
8372 1
8373 2
8374 1
8375 1
8378 4
8380 2
8381 1
8382 1
8383 1
8384 2
8385 3
8386 1
8387 2
8388 1
8389 1
8390 1
8391 1
8392 3
8393 4
8394 2
8396 2
8397 3
8398 3
8399 3
8400 2
8401 3
8402 3
8404 3
8405 2
8406 1
8411 2
8413 2
8414 1
8415 3
8416 3
8417 2
8418 2
8419 1
8420 1
8421 4
8422 3
8423 3
8425 2
8426 2
8427 2
8428 5
8429 4
8430 4
8431 2
8432 2
8433 1
8434 2
8435 3
8436 2
8437 1
8439 2
8440 1
8441 1
8442 1
8444 1
8445 2
8448 3
8449 2
8450 1
8451 1
8452 1
8453 2
8454 2
8456 2
8457 1
8460 1
8462 3
8465 1
8466 1
8468 1
8469 2
8470 5
8472 2
8473 2
8474 1
8475 1
8477 2
8478 1
8479 1
8480 5
8481 2
8482 2
8483 2
8484 2
8485 2
8486 1
8487 1
8488 4
8489 2
8490 2
8491 2
8492 3
8493 3
8494 1
8495 2
8496 2
8497 2
8498 1
8499 1
8500 1
8501 2
8502 1
8503 3
8505 3
8506 2
8508 2
8510 1
8511 3
8513 1
8514 2
8515 3
8516 4
8517 1
8518 1
8519 2
8520 2
8521 3
8522 1
8523 4
8524 2
8525 2
8526 2
8527 1
8529 2
8530 2
8531 1
8532 1
8534 2
8535 1
8536 1
8537 2
8538 1
8539 1
8540 3
8542 3
8544 1
8545 2
8546 3
8547 3
8548 3
8549 2
8550 1
8551 1
8552 1
8554 2
8555 2
8556 1
8557 1
8558 2
8559 2
8560 2
8561 1
8562 2
8564 3
8565 2
8566 2
8567 1
8568 2
8569 2
8570 2
8571 3
8572 1
8578 1
8581 2
8582 5
8583 1
8584 1
8585 1
8586 1
8588 1
8589 2
8591 1
8592 3
8593 4
8594 1
8595 3
8597 3
8598 3
8599 1
8600 3
8601 1
8602 1
8603 2
8605 3
8606 2
8607 3
8609 1
8610 5
8611 2
8612 3
8613 1
8617 1
8619 4
8621 1
8622 4
8623 1
8624 1
8626 2
8627 2
8628 2
8630 5
8632 1
8634 1
8637 2
8638 1
8639 4
8640 1
8641 1
8643 1
8644 2
8645 3
8646 1
8647 4
8648 2
8650 1
8651 1
8652 1
8653 1
8655 2
8656 2
8657 1
8658 3
8660 1
8661 2
8662 2
8664 2
8665 3
8666 3
8667 1
8669 1
8670 1
8671 1
8672 3
8673 3
8674 3
8675 3
8677 2
8678 1
8679 1
8681 2
8682 1
8684 2
8685 1
8686 3
8687 2
8688 1
8690 2
8691 1
8692 1
8693 2
8694 1
8696 2
8697 1
8698 1
8699 2
8700 2
8702 2
8703 2
8704 2
8705 2
8706 2
8708 2
8709 4
8711 3
8712 2
8714 1
8716 2
8718 1
8719 2
8720 2
8721 1
8722 1
8723 3
8724 2
8726 2
8728 3
8729 4
8730 3
8731 1
8732 3
8733 1
8734 1
8735 2
8736 2
8739 1
8741 3
8743 1
8744 2
8745 2
8748 3
8749 1
8751 1
8752 2
8753 1
8754 1
8755 1
8757 1
8759 2
8760 1
8761 3
8762 1
8763 2
8764 2
8766 2
8767 1
8768 1
8770 1
8771 3
8772 1
8774 1
8776 2
8777 1
8778 2
8779 3
8780 2
8781 2
8782 1
8783 1
8785 1
8786 1
8787 2
8788 4
8789 2
8790 7
8791 2
8792 1
8793 1
8794 1
8795 1
8796 1
8797 2
8798 1
8800 1
8801 1
8802 1
8804 1
8805 1
8806 1
8808 2
8809 2
8811 3
8812 1
8814 1
8815 3
8816 2
8817 3
8818 3
8822 2
8823 2
8824 2
8825 1
8826 2
8827 4
8828 2
8829 1
8832 2
8833 2
8835 1
8839 6
8840 7
8841 3
8844 3
8845 4
8846 1
8849 1
8850 5
8851 1
8852 1
8853 3
8854 1
8855 2
8856 1
8860 1
8862 3
8864 2
8865 1
8867 2
8868 1
8869 2
8870 2
8871 1
8872 2
8874 2
8876 1
8877 1
8878 3
8880 1
8881 1
8882 1
8883 1
8884 1
8885 1
8886 1
8887 3
8889 3
8890 1
8892 2
8894 1
8895 3
8896 1
8897 1
8900 3
8901 2
8902 2
8904 1
8906 1
8907 3
8909 1
8910 2
8911 1
8912 3
8913 4
8914 1
8915 3
8917 2
8918 1
8919 1
8920 2
8923 2
8924 3
8926 4
8927 1
8928 2
8929 2
8930 2
8931 1
8933 3
8934 3
8935 1
8936 2
8938 1
8939 1
8940 1
8941 2
8942 2
8944 5
8945 1
8946 2
8947 2
8948 3
8949 2
8951 1
8952 2
8953 1
8954 2
8956 3
8957 2
8958 2
8959 2
8960 2
8961 4
8962 1
8965 3
8966 1
8967 3
8969 2
8970 3
8971 2
8972 2
8973 5
8974 1
8975 2
8976 2
8978 2
8979 1
8980 3
8981 2
8982 3
8983 1
8987 2
8988 1
8989 4
8991 1
8992 1
8993 1
8994 3
8996 2
8997 2
8998 1
9000 1
9001 2
9003 2
9004 2
9005 2
9008 1
9009 2
9010 1
9011 1
9012 1
9014 1
9015 1
9016 2
9018 2
9019 1
9021 2
9022 1
9024 2
9025 2
9027 1
9028 2
9029 1
9032 2
9033 1
9034 2
9035 2
9037 2
9038 1
9039 1
9040 4
9042 3
9043 2
9044 3
9046 1
9047 1
9049 3
9051 1
9053 1
9054 1
9055 2
9056 2
9060 2
9061 1
9062 3
9063 1
9066 1
9067 3
9068 3
9069 1
9070 3
9073 1
9075 1
9076 1
9077 1
9078 3
9079 3
9080 3
9081 2
9082 3
9083 2
9084 1
9085 1
9087 1
9089 2
9091 2
9092 3
9095 1
9096 1
9097 1
9099 1
9101 2
9102 2
9104 1
9106 4
9109 1
9110 1
9113 1
9114 2
9115 1
9116 3
9118 1
9120 1
9121 2
9122 2
9123 1
9124 1
9125 4
9126 1
9127 2
9128 1
9129 4
9131 1
9132 1
9133 1
9134 1
9135 1
9136 1
9137 1
9138 1
9139 3
9140 4
9141 3
9142 2
9143 3
9144 3
9146 1
9147 1
9148 1
9150 1
9151 4
9152 2
9153 1
9154 1
9155 2
9156 2
9157 3
9158 1
9159 2
9160 1
9161 2
9162 4
9164 3
9165 3
9166 1
9167 1
9168 1
9170 1
9173 1
9174 2
9175 2
9178 1
9179 4
9180 1
9181 3
9182 1
9183 3
9184 2
9186 3
9187 2
9188 3
9189 1
9190 3
9192 3
9193 3
9194 2
9195 1
9197 2
9198 1
9200 2
9201 2
9202 3
9203 1
9204 1
9205 1
9206 1
9207 1
9208 2
9209 3
9210 2
9211 1
9212 3
9214 4
9215 2
9216 1
9217 2
9218 2
9219 2
9220 1
9221 1
9223 2
9224 2
9225 1
9227 2
9228 1
9229 1
9233 4
9234 1
9235 4
9236 2
9237 4
9238 1
9239 3
9241 1
9242 1
9243 3
9244 1
9245 1
9246 1
9247 1
9248 3
9249 2
9250 2
9251 5
9252 1
9253 1
9254 1
9255 2
9257 4
9258 1
9259 1
9260 1
9263 1
9264 1
9265 1
9266 3
9267 3
9269 2
9270 2
9271 2
9272 1
9273 4
9274 1
9276 2
9278 2
9279 2
9280 1
9281 3
9282 1
9283 3
9285 2
9286 1
9290 2
9291 2
9292 1
9293 1
9294 2
9295 1
9297 4
9298 4
9299 4
9300 2
9301 2
9302 2
9303 1
9306 6
9307 2
9308 3
9309 2
9312 1
9313 3
9314 2
9316 2
9317 2
9318 2
9321 2
9322 5
9323 3
9325 1
9326 2
9327 2
9328 1
9329 1
9330 2
9332 1
9334 1
9335 2
9336 1
9337 1
9338 1
9339 1
9342 3
9343 1
9345 1
9346 1
9347 4
9348 1
9349 1
9352 1
9353 1
9354 1
9355 3
9356 2
9358 2
9359 1
9360 4
9362 2
9364 3
9365 2
9366 1
9367 3
9368 1
9369 3
9371 3
9372 1
9374 1
9376 3
9377 2
9378 2
9379 2
9380 2
9381 1
9382 2
9384 2
9385 2
9387 2
9389 1
9390 1
9391 1
9392 1
9394 1
9395 1
9396 2
9397 3
9398 1
9399 1
9400 1
9401 1
9402 1
9403 2
9404 1
9405 2
9407 2
9408 3
9409 2
9410 3
9411 1
9412 1
9414 2
9415 3
9416 1
9417 4
9419 2
9420 3
9421 3
9422 1
9423 1
9425 3
9427 3
9430 1
9431 1
9432 3
9434 2
9435 1
9436 1
9439 2
9440 2
9441 3
9442 2
9443 2
9446 3
9447 3
9448 2
9449 1
9450 1
9451 2
9452 2
9453 2
9454 2
9456 1
9458 5
9459 1
9460 3
9462 1
9463 4
9465 3
9466 1
9467 2
9468 2
9469 2
9470 3
9471 3
9472 2
9473 1
9474 1
9475 4
9476 1
9477 3
9479 1
9480 1
9481 2
9482 2
9483 2
9484 1
9485 1
9486 1
9487 2
9489 2
9490 2
9491 1
9492 2
9493 1
9494 1
9496 1
9497 1
9499 3
9500 5
9503 1
9504 1
9505 1
9508 4
9509 1
9510 1
9511 1
9512 1
9513 1
9514 1
9515 4
9516 1
9518 1
9519 2
9521 4
9523 1
9526 1
9527 2
9528 1
9530 2
9531 1
9532 3
9533 2
9535 3
9536 1
9537 2
9539 1
9541 2
9542 1
9543 1
9544 2
9545 3
9547 1
9548 1
9551 2
9552 5
9553 2
9555 1
9556 5
9557 1
9558 5
9560 1
9561 3
9562 1
9564 1
9565 2
9566 2
9568 1
9569 3
9571 1
9572 1
9573 4
9574 2
9575 1
9577 2
9578 1
9581 4
9584 1
9585 2
9586 1
9588 2
9589 3
9591 1
9593 3
9594 1
9595 1
9597 3
9598 2
9601 1
9602 1
9604 2
9605 2
9606 2
9607 1
9608 2
9609 2
9610 1
9613 3
9615 1
9617 2
9619 1
9620 1
9621 2
9623 1
9624 1
9626 1
9627 2
9631 1
9632 2
9633 3
9634 1
9636 2
9637 3
9638 2
9640 2
9642 1
9644 3
9645 1
9646 1
9647 2
9648 4
9649 3
9650 1
9653 1
9654 2
9655 2
9657 1
9658 3
9660 1
9661 2
9665 3
9666 2
9667 1
9668 3
9670 2
9671 1
9675 3
9676 1
9678 1
9679 1
9680 1
9681 1
9682 1
9683 3
9684 1
9686 2
9688 2
9690 2
9691 3
9692 1
9693 1
9694 4
9695 1
9697 1
9699 1
9701 1
9703 2
9705 4
9706 1
9707 3
9708 1
9710 2
9711 2
9712 1
9713 1
9715 1
9716 1
9717 2
9718 1
9719 3
9720 4
9721 1
9723 2
9724 1
9725 1
9727 1
9728 1
9729 3
9730 1
9731 1
9732 2
9734 1
9735 2
9736 1
9740 1
9741 2
9742 2
9743 3
9744 1
9745 3
9746 3
9749 2
9750 1
9751 3
9753 1
9755 3
9756 1
9757 4
9758 1
9759 1
9760 3
9761 1
9762 2
9763 1
9764 3
9765 1
9766 2
9767 1
9768 1
9770 2
9771 2
9773 3
9774 1
9776 4
9778 1
9779 1
9781 5
9783 3
9784 1
9785 2
9787 3
9788 2
9789 3
9790 1
9791 3
9793 1
9795 3
9799 1
9801 1
9802 2
9803 4
9804 3
9805 1
9809 3
9810 3
9813 1
9814 1
9815 2
9816 1
9818 4
9819 3
9820 1
9821 2
9822 5
9823 1
9825 1
9826 2
9828 2
9829 1
9831 1
9832 3
9833 3
9834 2
9838 1
9840 1
9841 1
9842 2
9843 3
9844 2
9846 3
9847 2
9848 3
9849 1
9850 4
9851 1
9852 2
9853 4
9854 1
9855 4
9856 2
9857 1
9858 1
9859 1
9860 2
9862 4
9864 2
9865 2
9866 3
9867 1
9869 1
9870 2
9871 1
9872 3
9873 1
9875 1
9877 1
9879 1
9880 1
9881 2
9882 1
9883 1
9884 1
9885 2
9886 1
9887 2
9888 3
9889 1
9890 2
9891 1
9893 4
9896 2
9897 3
9898 2
9899 1
9900 1
9902 2
9905 1
9908 1
9910 1
9911 1
9912 2
9913 2
9915 1
9916 1
9918 2
9919 1
9920 2
9921 2
9922 1
9923 2
9924 2
9925 1
9926 1
9928 2
9929 1
9930 3
9933 3
9935 1
9936 2
9940 1
9941 1
9942 2
9943 3
9944 2
9946 2
9947 1
9948 2
9949 1
9950 1
9952 3
9953 1
9954 1
9955 4
9956 1
9957 2
9959 2
9961 1
9962 2
9963 3
9964 1
9965 1
9967 1
9968 1
9969 2
9971 2
9973 1
9974 1
9975 1
9977 2
9979 1
9980 2
9985 1
9986 1
9987 3
9989 2
9990 2
9991 3
9992 2
9993 1
9995 1
9996 1
9998 2
9999 12631
