0 92
1 110
2 100
3 99
4 103
5 89
6 110
7 94
8 101
9 91
10 101
11 89
12 107
13 108
14 98
15 95
16 100
17 105
18 95
19 87
20 105
21 97
22 94
23 102
24 107
25 97
26 101
27 112
28 111
29 89
30 115
31 93
32 123
33 109
34 93
35 96
36 99
37 80
38 92
39 112
40 108
41 88
42 112
43 90
44 105
45 101
46 91
47 101
48 86
49 100
50 95
51 108
52 94
53 76
54 103
55 104
56 81
57 88
58 95
59 109
60 89
61 90
62 81
63 94
64 90
65 109
66 87
67 111
68 112
69 103
70 105
71 99
72 103
73 98
74 90
75 103
76 96
77 123
78 101
79 93
80 91
81 111
82 105
83 92
84 103
85 105
86 75
87 102
88 108
89 107
90 102
91 86
92 92
93 105
94 87
95 98
96 105
97 106
98 99
99 113
100 98
101 114
102 89
103 96
104 86
105 95
106 80
107 93
108 110
109 100
110 102
111 97
112 102
113 98
114 95
115 107
116 94
117 81
118 93
119 94
120 107
121 84
122 98
123 107
124 85
125 98
126 87
127 109
128 110
129 99
130 96
131 105
132 106
133 89
134 99
135 90
136 101
137 92
138 88
139 93
140 102
141 93
142 88
143 103
144 89
145 103
146 89
147 107
148 99
149 89
150 103
151 96
152 89
153 99
154 99
155 93
156 96
157 99
158 91
159 91
160 106
161 96
162 99
163 96
164 104
165 86
166 94
167 98
168 95
169 84
170 92
171 90
172 90
173 105
174 99
175 93
176 108
177 106
178 96
179 108
180 79
181 86
182 93
183 102
184 101
185 92
186 106
187 83
188 104
189 94
190 89
191 86
192 110
193 97
194 97
195 91
196 87
197 82
198 101
199 114
200 94
201 117
202 80
203 101
204 90
205 107
206 95
207 92
208 105
209 104
210 98
211 99
212 86
213 107
214 100
215 69
216 90
217 78
218 84
219 88
220 84
221 100
222 92
223 79
224 88
225 87
226 103
227 98
228 91
229 76
230 82
231 94
232 100
233 97
234 88
235 97
236 112
237 86
238 91
239 94
240 104
241 80
242 91
243 81
244 93
245 87
246 85
247 79
248 101
249 95
250 97
251 106
252 91
253 98
254 104
255 92
256 97
257 93
258 85
259 94
260 96
261 102
262 101
263 104
264 101
265 89
266 93
267 69
268 98
269 91
270 94
271 93
272 88
273 73
274 105
275 88
276 82
277 88
278 98
279 90
280 99
281 94
282 117
283 91
284 93
285 94
286 89
287 97
288 92
289 104
290 95
291 88
292 79
293 88
294 107
295 81
296 97
297 104
298 89
299 99
300 81
301 92
302 83
303 96
304 104
305 93
306 91
307 71
308 97
309 102
310 94
311 80
312 95
313 92
314 96
315 93
316 83
317 92
318 91
319 69
320 76
321 112
322 95
323 92
324 85
325 89
326 92
327 83
328 84
329 89
330 85
331 107
332 107
333 94
334 99
335 81
336 70
337 75
338 88
339 97
340 97
341 100
342 90
343 95
344 77
345 89
346 97
347 84
348 88
349 96
350 71
351 99
352 99
353 71
354 78
355 101
356 83
357 90
358 86
359 89
360 95
361 82
362 101
363 77
364 78
365 102
366 77
367 91
368 104
369 96
370 79
371 99
372 86
373 75
374 61
375 97
376 87
377 90
378 83
379 81
380 78
381 95
382 98
383 80
384 90
385 97
386 81
387 98
388 88
389 84
390 79
391 83
392 103
393 96
394 87
395 83
396 87
397 95
398 98
399 88
400 83
401 77
402 91
403 91
404 93
405 87
406 90
407 88
408 88
409 77
410 92
411 85
412 79
413 84
414 87
415 89
416 95
417 95
418 83
419 94
420 87
421 66
422 85
423 93
424 88
425 82
426 82
427 92
428 86
429 92
430 75
431 90
432 97
433 83
434 88
435 84
436 80
437 85
438 94
439 85
440 79
441 96
442 82
443 98
444 85
445 87
446 96
447 78
448 86
449 80
450 78
451 81
452 75
453 70
454 85
455 88
456 79
457 85
458 87
459 79
460 86
461 89
462 86
463 96
464 100
465 92
466 76
467 87
468 87
469 91
470 84
471 77
472 88
473 115
474 87
475 86
476 103
477 87
478 102
479 80
480 92
481 89
482 81
483 91
484 98
485 89
486 94
487 79
488 69
489 86
490 93
491 87
492 104
493 77
494 81
495 98
496 93
497 99
498 75
499 92
500 86
501 91
502 90
503 92
504 73
505 104
506 85
507 92
508 91
509 85
510 85
511 92
512 74
513 84
514 77
515 86
516 73
517 81
518 77
519 93
520 105
521 68
522 95
523 85
524 104
525 87
526 80
527 85
528 98
529 77
530 94
531 75
532 98
533 99
534 92
535 97
536 101
537 99
538 99
539 79
540 86
541 78
542 85
543 85
544 80
545 82
546 90
547 93
548 99
549 90
550 94
551 79
552 80
553 80
554 93
555 85
556 101
557 92
558 79
559 82
560 86
561 89
562 95
563 83
564 70
565 78
566 76
567 80
568 72
569 81
570 78
571 92
572 77
573 89
574 95
575 77
576 95
577 64
578 80
579 73
580 79
581 77
582 92
583 88
584 79
585 97
586 81
587 84
588 72
589 81
590 100
591 94
592 76
593 87
594 84
595 75
596 79
597 92
598 88
599 96
600 90
601 77
602 81
603 75
604 85
605 98
606 71
607 83
608 82
609 81
610 73
611 93
612 70
613 75
614 79
615 74
616 90
617 80
618 66
619 77
620 82
621 90
622 87
623 92
624 67
625 81
626 78
627 76
628 87
629 107
630 96
631 82
632 86
633 83
634 82
635 94
636 91
637 88
638 78
639 83
640 62
641 81
642 87
643 89
644 87
645 90
646 70
647 78
648 89
649 76
650 93
651 89
652 70
653 72
654 72
655 69
656 73
657 64
658 79
659 90
660 87
661 92
662 106
663 86
664 77
665 83
666 84
667 75
668 95
669 87
670 79
671 83
672 84
673 82
674 102
675 73
676 76
677 64
678 79
679 93
680 101
681 82
682 96
683 105
684 72
685 75
686 91
687 76
688 78
689 89
690 83
691 78
692 85
693 87
694 88
695 81
696 71
697 66
698 82
699 86
700 83
701 67
702 87
703 75
704 85
705 58
706 82
707 83
708 86
709 82
710 91
711 87
712 82
713 93
714 72
715 91
716 99
717 75
718 75
719 83
720 79
721 76
722 80
723 82
724 77
725 75
726 75
727 82
728 82
729 66
730 81
731 80
732 86
733 84
734 85
735 66
736 82
737 76
738 74
739 76
740 75
741 99
742 77
743 82
744 89
745 93
746 80
747 73
748 75
749 65
750 81
751 79
752 89
753 85
754 93
755 76
756 70
757 68
758 87
759 84
760 77
761 80
762 90
763 85
764 83
765 93
766 69
767 90
768 81
769 93
770 84
771 79
772 91
773 90
774 84
775 66
776 77
777 72
778 79
779 81
780 73
781 77
782 68
783 82
784 82
785 89
786 84
787 81
788 83
789 80
790 85
791 79
792 62
793 84
794 84
795 89
796 64
797 93
798 71
799 87
800 76
801 80
802 77
803 80
804 71
805 69
806 79
807 81
808 78
809 70
810 62
811 76
812 80
813 82
814 78
815 68
816 71
817 90
818 81
819 93
820 86
821 64
822 68
823 82
824 82
825 84
826 77
827 65
828 87
829 67
830 79
831 71
832 77
833 82
834 91
835 84
836 84
837 70
838 76
839 73
840 81
841 87
842 89
843 95
844 95
845 71
846 80
847 73
848 72
849 68
850 79
851 79
852 74
853 103
854 76
855 72
856 75
857 86
858 76
859 94
860 69
861 88
862 77
863 80
864 65
865 79
866 85
867 73
868 69
869 61
870 85
871 63
872 63
873 67
874 55
875 62
876 66
877 80
878 79
879 85
880 71
881 76
882 75
883 71
884 70
885 69
886 74
887 83
888 69
889 94
890 70
891 67
892 63
893 70
894 82
895 82
896 84
897 77
898 67
899 73
900 67
901 84
902 95
903 69
904 56
905 68
906 66
907 78
908 96
909 59
910 74
911 71
912 88
913 81
914 75
915 80
916 94
917 72
918 93
919 62
920 90
921 77
922 83
923 73
924 91
925 76
926 72
927 80
928 88
929 72
930 88
931 74
932 68
933 69
934 77
935 90
936 81
937 75
938 58
939 82
940 75
941 67
942 73
943 80
944 68
945 78
946 60
947 81
948 66
949 82
950 64
951 87
952 75
953 88
954 90
955 79
956 83
957 72
958 72
959 71
960 99
961 90
962 63
963 71
964 73
965 71
966 71
967 81
968 79
969 73
970 84
971 69
972 73
973 66
974 74
975 75
976 82
977 79
978 76
979 71
980 74
981 71
982 82
983 96
984 83
985 78
986 87
987 67
988 71
989 84
990 74
991 82
992 75
993 62
994 66
995 71
996 63
997 77
998 71
999 78
1000 75
1001 71
1002 78
1003 63
1004 75
1005 65
1006 85
1007 78
1008 80
1009 84
1010 67
1011 69
1012 75
1013 77
1014 81
1015 73
1016 76
1017 73
1018 70
1019 78
1020 74
1021 79
1022 77
1023 68
1024 73
1025 85
1026 70
1027 76
1028 85
1029 89
1030 79
1031 67
1032 72
1033 85
1034 68
1035 65
1036 71
1037 81
1038 78
1039 80
1040 75
1041 103
1042 71
1043 68
1044 71
1045 79
1046 79
1047 77
1048 82
1049 63
1050 64
1051 71
1052 77
1053 75
1054 76
1055 78
1056 78
1057 74
1058 76
1059 85
1060 77
1061 71
1062 77
1063 81
1064 67
1065 86
1066 70
1067 73
1068 70
1069 67
1070 83
1071 65
1072 81
1073 78
1074 68
1075 72
1076 65
1077 76
1078 71
1079 70
1080 70
1081 70
1082 63
1083 61
1084 73
1085 76
1086 73
1087 90
1088 69
1089 68
1090 78
1091 75
1092 86
1093 96
1094 84
1095 79
1096 89
1097 68
1098 59
1099 75
1100 70
1101 85
1102 55
1103 74
1104 67
1105 88
1106 89
1107 83
1108 65
1109 71
1110 65
1111 66
1112 58
1113 82
1114 70
1115 73
1116 74
1117 72
1118 67
1119 75
1120 68
1121 70
1122 82
1123 88
1124 74
1125 92
1126 78
1127 78
1128 79
1129 92
1130 62
1131 77
1132 89
1133 60
1134 74
1135 59
1136 69
1137 73
1138 78
1139 58
1140 52
1141 76
1142 68
1143 71
1144 59
1145 72
1146 72
1147 63
1148 69
1149 77
1150 65
1151 61
1152 69
1153 76
1154 71
1155 74
1156 76
1157 70
1158 74
1159 63
1160 86
1161 81
1162 70
1163 66
1164 74
1165 71
1166 63
1167 76
1168 77
1169 79
1170 80
1171 67
1172 71
1173 74
1174 65
1175 68
1176 75
1177 64
1178 74
1179 74
1180 66
1181 59
1182 72
1183 54
1184 80
1185 76
1186 63
1187 62
1188 71
1189 72
1190 77
1191 65
1192 74
1193 73
1194 55
1195 79
1196 74
1197 73
1198 64
1199 79
1200 79
1201 65
1202 64
1203 75
1204 70
1205 80
1206 73
1207 77
1208 67
1209 62
1210 86
1211 77
1212 60
1213 69
1214 77
1215 70
1216 71
1217 51
1218 75
1219 68
1220 74
1221 65
1222 74
1223 79
1224 77
1225 70
1226 71
1227 64
1228 71
1229 82
1230 71
1231 70
1232 69
1233 67
1234 85
1235 89
1236 76
1237 57
1238 67
1239 81
1240 80
1241 64
1242 66
1243 72
1244 57
1245 83
1246 61
1247 73
1248 72
1249 63
1250 58
1251 67
1252 81
1253 80
1254 63
1255 79
1256 71
1257 52
1258 77
1259 59
1260 76
1261 71
1262 70
1263 73
1264 54
1265 75
1266 72
1267 63
1268 69
1269 62
1270 79
1271 60
1272 74
1273 78
1274 90
1275 75
1276 80
1277 67
1278 65
1279 61
1280 80
1281 62
1282 77
1283 77
1284 70
1285 76
1286 64
1287 72
1288 61
1289 60
1290 59
1291 86
1292 70
1293 53
1294 65
1295 64
1296 75
1297 84
1298 61
1299 73
1300 70
1301 65
1302 81
1303 62
1304 71
1305 83
1306 75
1307 76
1308 64
1309 60
1310 61
1311 62
1312 71
1313 73
1314 69
1315 64
1316 79
1317 80
1318 61
1319 74
1320 69
1321 64
1322 56
1323 65
1324 74
1325 93
1326 62
1327 83
1328 55
1329 52
1330 66
1331 79
1332 66
1333 78
1334 73
1335 53
1336 79
1337 77
1338 69
1339 72
1340 68
1341 58
1342 64
1343 69
1344 58
1345 77
1346 70
1347 63
1348 66
1349 73
1350 63
1351 57
1352 63
1353 62
1354 70
1355 60
1356 65
1357 69
1358 71
1359 71
1360 71
1361 68
1362 84
1363 67
1364 82
1365 70
1366 71
1367 62
1368 70
1369 70
1370 73
1371 58
1372 65
1373 72
1374 66
1375 76
1376 64
1377 65
1378 73
1379 64
1380 58
1381 62
1382 70
1383 66
1384 87
1385 65
1386 68
1387 66
1388 56
1389 62
1390 76
1391 65
1392 79
1393 73
1394 64
1395 63
1396 78
1397 74
1398 66
1399 56
1400 66
1401 78
1402 70
1403 76
1404 72
1405 64
1406 68
1407 63
1408 64
1409 74
1410 52
1411 62
1412 75
1413 66
1414 76
1415 70
1416 61
1417 72
1418 68
1419 80
1420 73
1421 65
1422 61
1423 63
1424 68
1425 63
1426 57
1427 76
1428 75
1429 67
1430 69
1431 65
1432 66
1433 60
1434 77
1435 61
1436 70
1437 59
1438 70
1439 60
1440 57
1441 56
1442 89
1443 60
1444 69
1445 62
1446 59
1447 72
1448 58
1449 52
1450 62
1451 74
1452 71
1453 70
1454 65
1455 72
1456 77
1457 70
1458 62
1459 64
1460 69
1461 69
1462 44
1463 63
1464 62
1465 73
1466 61
1467 73
1468 74
1469 70
1470 70
1471 67
1472 49
1473 63
1474 71
1475 49
1476 60
1477 61
1478 71
1479 75
1480 56
1481 66
1482 76
1483 60
1484 73
1485 71
1486 65
1487 61
1488 71
1489 69
1490 56
1491 69
1492 76
1493 61
1494 64
1495 70
1496 71
1497 56
1498 61
1499 70
1500 68
1501 88
1502 61
1503 73
1504 63
1505 68
1506 53
1507 74
1508 74
1509 80
1510 64
1511 66
1512 54
1513 54
1514 70
1515 64
1516 50
1517 64
1518 58
1519 65
1520 85
1521 71
1522 80
1523 71
1524 80
1525 50
1526 61
1527 61
1528 61
1529 60
1530 74
1531 63
1532 64
1533 56
1534 65
1535 75
1536 66
1537 67
1538 55
1539 62
1540 59
1541 65
1542 79
1543 69
1544 59
1545 59
1546 63
1547 69
1548 68
1549 62
1550 73
1551 59
1552 65
1553 58
1554 68
1555 60
1556 58
1557 65
1558 83
1559 52
1560 67
1561 63
1562 79
1563 61
1564 52
1565 58
1566 68
1567 75
1568 76
1569 64
1570 64
1571 64
1572 67
1573 51
1574 72
1575 70
1576 72
1577 49
1578 56
1579 74
1580 50
1581 72
1582 63
1583 56
1584 59
1585 59
1586 67
1587 63
1588 66
1589 65
1590 61
1591 55
1592 60
1593 64
1594 57
1595 56
1596 73
1597 45
1598 65
1599 65
1600 61
1601 61
1602 60
1603 88
1604 79
1605 63
1606 59
1607 59
1608 51
1609 64
1610 56
1611 60
1612 67
1613 59
1614 62
1615 53
1616 69
1617 62
1618 57
1619 66
1620 79
1621 70
1622 72
1623 65
1624 62
1625 66
1626 67
1627 75
1628 51
1629 64
1630 57
1631 50
1632 59
1633 55
1634 69
1635 56
1636 57
1637 76
1638 79
1639 69
1640 58
1641 57
1642 71
1643 64
1644 64
1645 72
1646 77
1647 57
1648 58
1649 64
1650 63
1651 53
1652 76
1653 66
1654 53
1655 74
1656 70
1657 49
1658 66
1659 61
1660 69
1661 61
1662 52
1663 62
1664 73
1665 70
1666 53
1667 56
1668 54
1669 63
1670 70
1671 68
1672 74
1673 60
1674 45
1675 56
1676 55
1677 78
1678 60
1679 59
1680 60
1681 57
1682 66
1683 56
1684 62
1685 69
1686 56
1687 55
1688 73
1689 63
1690 68
1691 55
1692 59
1693 55
1694 73
1695 54
1696 69
1697 60
1698 62
1699 51
1700 60
1701 55
1702 62
1703 62
1704 65
1705 58
1706 54
1707 48
1708 60
1709 60
1710 68
1711 57
1712 51
1713 70
1714 54
1715 63
1716 55
1717 67
1718 68
1719 64
1720 59
1721 63
1722 59
1723 63
1724 49
1725 61
1726 62
1727 66
1728 61
1729 64
1730 54
1731 67
1732 74
1733 55
1734 55
1735 64
1736 78
1737 60
1738 60
1739 61
1740 76
1741 59
1742 68
1743 66
1744 57
1745 74
1746 61
1747 49
1748 52
1749 67
1750 57
1751 53
1752 53
1753 59
1754 48
1755 80
1756 57
1757 65
1758 71
1759 57
1760 52
1761 57
1762 62
1763 64
1764 73
1765 67
1766 54
1767 66
1768 68
1769 49
1770 66
1771 65
1772 65
1773 56
1774 64
1775 51
1776 43
1777 50
1778 62
1779 64
1780 54
1781 51
1782 67
1783 72
1784 53
1785 65
1786 80
1787 67
1788 60
1789 63
1790 66
1791 55
1792 55
1793 55
1794 59
1795 64
1796 62
1797 48
1798 67
1799 67
1800 55
1801 74
1802 57
1803 66
1804 58
1805 56
1806 66
1807 68
1808 63
1809 63
1810 71
1811 61
1812 61
1813 60
1814 65
1815 72
1816 70
1817 57
1818 62
1819 68
1820 60
1821 74
1822 63
1823 57
1824 61
1825 67
1826 74
1827 72
1828 54
1829 46
1830 65
1831 63
1832 59
1833 60
1834 66
1835 61
1836 67
1837 75
1838 58
1839 56
1840 63
1841 57
1842 74
1843 66
1844 46
1845 64
1846 50
1847 56
1848 58
1849 56
1850 60
1851 59
1852 49
1853 57
1854 56
1855 82
1856 63
1857 66
1858 77
1859 60
1860 67
1861 58
1862 55
1863 52
1864 82
1865 48
1866 47
1867 51
1868 75
1869 56
1870 61
1871 60
1872 52
1873 59
1874 56
1875 56
1876 65
1877 60
1878 62
1879 52
1880 56
1881 54
1882 64
1883 45
1884 71
1885 60
1886 55
1887 59
1888 67
1889 63
1890 53
1891 59
1892 60
1893 63
1894 54
1895 45
1896 63
1897 59
1898 51
1899 75
1900 66
1901 73
1902 69
1903 61
1904 62
1905 50
1906 56
1907 56
1908 46
1909 59
1910 47
1911 66
1912 62
1913 66
1914 65
1915 55
1916 63
1917 62
1918 70
1919 61
1920 62
1921 50
1922 49
1923 59
1924 58
1925 59
1926 72
1927 53
1928 56
1929 65
1930 57
1931 54
1932 52
1933 64
1934 52
1935 54
1936 59
1937 58
1938 61
1939 56
1940 56
1941 62
1942 49
1943 52
1944 50
1945 67
1946 56
1947 58
1948 54
1949 52
1950 61
1951 46
1952 73
1953 55
1954 53
1955 73
1956 53
1957 53
1958 55
1959 60
1960 63
1961 59
1962 55
1963 42
1964 55
1965 64
1966 65
1967 58
1968 59
1969 50
1970 55
1971 63
1972 53
1973 53
1974 57
1975 59
1976 69
1977 60
1978 47
1979 72
1980 43
1981 53
1982 55
1983 78
1984 55
1985 57
1986 65
1987 69
1988 46
1989 61
1990 72
1991 51
1992 51
1993 70
1994 72
1995 49
1996 65
1997 46
1998 54
1999 58
2000 64
2001 66
2002 52
2003 67
2004 45
2005 53
2006 59
2007 60
2008 54
2009 56
2010 44
2011 49
2012 53
2013 61
2014 70
2015 67
2016 64
2017 56
2018 61
2019 45
2020 46
2021 64
2022 44
2023 64
2024 59
2025 58
2026 55
2027 64
2028 50
2029 60
2030 44
2031 54
2032 56
2033 50
2034 52
2035 70
2036 56
2037 57
2038 52
2039 49
2040 57
2041 53
2042 60
2043 58
2044 51
2045 52
2046 80
2047 56
2048 57
2049 56
2050 65
2051 59
2052 62
2053 62
2054 42
2055 51
2056 54
2057 41
2058 50
2059 55
2060 63
2061 62
2062 59
2063 55
2064 56
2065 59
2066 51
2067 51
2068 58
2069 46
2070 64
2071 53
2072 57
2073 56
2074 55
2075 50
2076 60
2077 60
2078 66
2079 54
2080 61
2081 61
2082 47
2083 53
2084 57
2085 49
2086 58
2087 60
2088 52
2089 48
2090 64
2091 55
2092 55
2093 57
2094 70
2095 59
2096 63
2097 49
2098 58
2099 69
2100 57
2101 46
2102 56
2103 70
2104 55
2105 53
2106 59
2107 67
2108 62
2109 61
2110 49
2111 60
2112 60
2113 71
2114 62
2115 63
2116 42
2117 64
2118 47
2119 54
2120 52
2121 66
2122 50
2123 57
2124 56
2125 49
2126 43
2127 53
2128 49
2129 62
2130 51
2131 62
2132 51
2133 55
2134 58
2135 52
2136 57
2137 51
2138 59
2139 55
2140 51
2141 51
2142 50
2143 61
2144 62
2145 72
2146 51
2147 61
2148 54
2149 60
2150 54
2151 59
2152 56
2153 62
2154 53
2155 58
2156 52
2157 62
2158 53
2159 57
2160 55
2161 67
2162 52
2163 68
2164 56
2165 51
2166 66
2167 53
2168 70
2169 44
2170 64
2171 53
2172 58
2173 58
2174 64
2175 40
2176 56
2177 53
2178 50
2179 53
2180 50
2181 46
2182 49
2183 57
2184 64
2185 51
2186 52
2187 43
2188 46
2189 47
2190 54
2191 48
2192 48
2193 50
2194 46
2195 67
2196 71
2197 60
2198 71
2199 57
2200 57
2201 56
2202 52
2203 54
2204 40
2205 50
2206 75
2207 49
2208 49
2209 70
2210 49
2211 67
2212 53
2213 48
2214 55
2215 65
2216 50
2217 49
2218 48
2219 59
2220 39
2221 54
2222 52
2223 63
2224 51
2225 67
2226 64
2227 52
2228 52
2229 50
2230 52
2231 49
2232 52
2233 67
2234 46
2235 67
2236 63
2237 64
2238 60
2239 39
2240 58
2241 46
2242 63
2243 74
2244 51
2245 41
2246 67
2247 56
2248 53
2249 58
2250 63
2251 49
2252 55
2253 55
2254 52
2255 50
2256 46
2257 51
2258 58
2259 59
2260 58
2261 53
2262 49
2263 57
2264 50
2265 58
2266 58
2267 51
2268 48
2269 45
2270 52
2271 52
2272 54
2273 48
2274 59
2275 59
2276 51
2277 52
2278 48
2279 49
2280 66
2281 63
2282 33
2283 55
2284 58
2285 52
2286 57
2287 48
2288 59
2289 64
2290 41
2291 59
2292 60
2293 40
2294 55
2295 53
2296 48
2297 66
2298 50
2299 44
2300 45
2301 58
2302 41
2303 58
2304 52
2305 80
2306 53
2307 52
2308 66
2309 59
2310 53
2311 60
2312 51
2313 47
2314 44
2315 52
2316 48
2317 60
2318 46
2319 48
2320 61
2321 80
2322 59
2323 43
2324 56
2325 46
2326 62
2327 55
2328 54
2329 56
2330 57
2331 47
2332 45
2333 68
2334 61
2335 47
2336 49
2337 59
2338 58
2339 62
2340 57
2341 54
2342 65
2343 47
2344 52
2345 53
2346 63
2347 58
2348 47
2349 47
2350 48
2351 45
2352 64
2353 58
2354 64
2355 55
2356 48
2357 51
2358 45
2359 47
2360 38
2361 59
2362 49
2363 43
2364 44
2365 56
2366 45
2367 50
2368 56
2369 63
2370 47
2371 40
2372 48
2373 66
2374 53
2375 49
2376 55
2377 49
2378 41
2379 50
2380 52
2381 50
2382 51
2383 48
2384 54
2385 46
2386 51
2387 55
2388 60
2389 56
2390 47
2391 46
2392 61
2393 37
2394 55
2395 61
2396 57
2397 46
2398 47
2399 60
2400 60
2401 39
2402 51
2403 52
2404 33
2405 50
2406 57
2407 53
2408 47
2409 55
2410 62
2411 52
2412 49
2413 51
2414 53
2415 58
2416 56
2417 53
2418 59
2419 62
2420 57
2421 43
2422 48
2423 45
2424 40
2425 59
2426 55
2427 47
2428 49
2429 52
2430 56
2431 57
2432 51
2433 58
2434 45
2435 60
2436 46
2437 47
2438 52
2439 48
2440 57
2441 58
2442 48
2443 54
2444 48
2445 56
2446 46
2447 43
2448 40
2449 55
2450 54
2451 53
2452 59
2453 48
2454 57
2455 59
2456 55
2457 64
2458 44
2459 53
2460 58
2461 59
2462 67
2463 51
2464 48
2465 42
2466 38
2467 42
2468 56
2469 60
2470 59
2471 58
2472 59
2473 51
2474 61
2475 39
2476 46
2477 30
2478 47
2479 55
2480 53
2481 52
2482 56
2483 49
2484 50
2485 52
2486 50
2487 58
2488 62
2489 53
2490 37
2491 42
2492 62
2493 57
2494 48
2495 49
2496 57
2497 46
2498 48
2499 54
2500 62
2501 45
2502 49
2503 52
2504 46
2505 53
2506 51
2507 47
2508 68
2509 51
2510 63
2511 43
2512 61
2513 50
2514 54
2515 48
2516 46
2517 48
2518 34
2519 48
2520 48
2521 50
2522 41
2523 44
2524 39
2525 48
2526 52
2527 52
2528 55
2529 54
2530 52
2531 47
2532 45
2533 47
2534 55
2535 35
2536 54
2537 47
2538 41
2539 59
2540 49
2541 41
2542 53
2543 61
2544 38
2545 56
2546 52
2547 44
2548 48
2549 68
2550 57
2551 47
2552 48
2553 55
2554 47
2555 57
2556 54
2557 51
2558 44
2559 36
2560 38
2561 49
2562 44
2563 40
2564 42
2565 55
2566 38
2567 57
2568 54
2569 55
2570 51
2571 51
2572 62
2573 47
2574 47
2575 49
2576 46
2577 49
2578 42
2579 60
2580 43
2581 61
2582 46
2583 37
2584 51
2585 54
2586 38
2587 53
2588 52
2589 36
2590 57
2591 49
2592 46
2593 48
2594 44
2595 44
2596 41
2597 52
2598 49
2599 48
2600 47
2601 49
2602 49
2603 44
2604 47
2605 50
2606 55
2607 55
2608 52
2609 43
2610 42
2611 45
2612 62
2613 57
2614 41
2615 41
2616 59
2617 39
2618 48
2619 48
2620 56
2621 43
2622 56
2623 47
2624 66
2625 56
2626 46
2627 55
2628 38
2629 63
2630 37
2631 56
2632 51
2633 57
2634 35
2635 50
2636 57
2637 36
2638 41
2639 49
2640 51
2641 50
2642 45
2643 44
2644 46
2645 59
2646 48
2647 39
2648 51
2649 47
2650 59
2651 38
2652 45
2653 49
2654 42
2655 52
2656 41
2657 61
2658 36
2659 45
2660 54
2661 51
2662 60
2663 55
2664 58
2665 61
2666 46
2667 45
2668 53
2669 42
2670 58
2671 45
2672 49
2673 35
2674 49
2675 51
2676 42
2677 43
2678 41
2679 50
2680 46
2681 48
2682 49
2683 52
2684 55
2685 44
2686 50
2687 41
2688 43
2689 51
2690 63
2691 48
2692 54
2693 49
2694 46
2695 42
2696 44
2697 50
2698 48
2699 55
2700 40
2701 60
2702 42
2703 53
2704 68
2705 55
2706 49
2707 40
2708 53
2709 48
2710 53
2711 41
2712 37
2713 33
2714 48
2715 32
2716 57
2717 50
2718 64
2719 49
2720 63
2721 47
2722 58
2723 54
2724 46
2725 55
2726 55
2727 50
2728 44
2729 46
2730 53
2731 56
2732 44
2733 53
2734 50
2735 50
2736 51
2737 46
2738 55
2739 60
2740 46
2741 39
2742 40
2743 53
2744 46
2745 45
2746 62
2747 60
2748 47
2749 44
2750 48
2751 47
2752 50
2753 61
2754 54
2755 49
2756 43
2757 57
2758 38
2759 54
2760 40
2761 51
2762 52
2763 46
2764 47
2765 47
2766 43
2767 52
2768 55
2769 38
2770 39
2771 48
2772 54
2773 48
2774 50
2775 60
2776 43
2777 44
2778 50
2779 47
2780 56
2781 52
2782 51
2783 52
2784 42
2785 53
2786 46
2787 51
2788 45
2789 54
2790 52
2791 46
2792 38
2793 46
2794 47
2795 48
2796 44
2797 53
2798 49
2799 35
2800 58
2801 43
2802 44
2803 46
2804 41
2805 41
2806 48
2807 53
2808 46
2809 49
2810 59
2811 49
2812 43
2813 49
2814 45
2815 54
2816 52
2817 48
2818 40
2819 43
2820 51
2821 46
2822 32
2823 54
2824 48
2825 45
2826 60
2827 42
2828 46
2829 33
2830 44
2831 38
2832 48
2833 43
2834 35
2835 59
2836 52
2837 51
2838 49
2839 38
2840 45
2841 47
2842 48
2843 65
2844 37
2845 41
2846 44
2847 40
2848 52
2849 45
2850 41
2851 40
2852 47
2853 55
2854 49
2855 42
2856 45
2857 45
2858 46
2859 52
2860 53
2861 40
2862 44
2863 50
2864 38
2865 60
2866 33
2867 44
2868 36
2869 52
2870 49
2871 48
2872 53
2873 69
2874 40
2875 43
2876 40
2877 56
2878 38
2879 46
2880 33
2881 44
2882 33
2883 50
2884 68
2885 56
2886 33
2887 51
2888 54
2889 51
2890 56
2891 43
2892 61
2893 43
2894 55
2895 39
2896 43
2897 51
2898 51
2899 46
2900 49
2901 57
2902 46
2903 44
2904 42
2905 43
2906 51
2907 50
2908 50
2909 58
2910 48
2911 46
2912 49
2913 48
2914 39
2915 54
2916 46
2917 47
2918 50
2919 43
2920 42
2921 41
2922 54
2923 52
2924 42
2925 43
2926 37
2927 47
2928 35
2929 48
2930 38
2931 51
2932 60
2933 46
2934 51
2935 52
2936 42
2937 48
2938 44
2939 57
2940 49
2941 51
2942 50
2943 55
2944 54
2945 45
2946 47
2947 45
2948 77
2949 45
2950 50
2951 55
2952 39
2953 39
2954 40
2955 36
2956 39
2957 40
2958 43
2959 41
2960 28
2961 49
2962 49
2963 40
2964 49
2965 47
2966 40
2967 49
2968 53
2969 52
2970 41
2971 36
2972 54
2973 47
2974 38
2975 44
2976 37
2977 53
2978 44
2979 47
2980 55
2981 37
2982 46
2983 45
2984 52
2985 31
2986 46
2987 34
2988 49
2989 46
2990 58
2991 49
2992 57
2993 45
2994 59
2995 47
2996 47
2997 51
2998 43
2999 61
3000 45
3001 44
3002 43
3003 39
3004 57
3005 50
3006 63
3007 40
3008 50
3009 49
3010 50
3011 35
3012 51
3013 53
3014 41
3015 36
3016 43
3017 45
3018 51
3019 52
3020 48
3021 42
3022 48
3023 43
3024 46
3025 47
3026 33
3027 54
3028 49
3029 43
3030 58
3031 41
3032 38
3033 38
3034 39
3035 46
3036 40
3037 54
3038 42
3039 38
3040 46
3041 42
3042 42
3043 43
3044 43
3045 48
3046 41
3047 40
3048 39
3049 52
3050 49
3051 54
3052 38
3053 43
3054 44
3055 40
3056 50
3057 55
3058 44
3059 36
3060 38
3061 34
3062 44
3063 35
3064 51
3065 39
3066 48
3067 42
3068 43
3069 48
3070 50
3071 35
3072 40
3073 40
3074 41
3075 53
3076 40
3077 46
3078 50
3079 49
3080 47
3081 38
3082 53
3083 44
3084 44
3085 41
3086 38
3087 51
3088 49
3089 35
3090 46
3091 65
3092 49
3093 58
3094 56
3095 42
3096 40
3097 45
3098 34
3099 49
3100 49
3101 52
3102 51
3103 51
3104 43
3105 45
3106 37
3107 51
3108 39
3109 42
3110 44
3111 42
3112 59
3113 54
3114 44
3115 51
3116 52
3117 38
3118 46
3119 48
3120 31
3121 48
3122 46
3123 44
3124 33
3125 54
3126 42
3127 44
3128 48
3129 34
3130 38
3131 37
3132 44
3133 51
3134 54
3135 41
3136 44
3137 48
3138 36
3139 49
3140 42
3141 52
3142 38
3143 37
3144 32
3145 35
3146 56
3147 40
3148 43
3149 42
3150 42
3151 50
3152 47
3153 43
3154 43
3155 39
3156 41
3157 49
3158 43
3159 36
3160 35
3161 47
3162 45
3163 32
3164 38
3165 36
3166 34
3167 52
3168 39
3169 47
3170 44
3171 43
3172 43
3173 34
3174 40
3175 45
3176 47
3177 42
3178 53
3179 38
3180 39
3181 41
3182 40
3183 55
3184 40
3185 40
3186 41
3187 30
3188 53
3189 46
3190 44
3191 40
3192 45
3193 34
3194 43
3195 41
3196 34
3197 42
3198 42
3199 50
3200 30
3201 50
3202 53
3203 43
3204 50
3205 36
3206 43
3207 42
3208 47
3209 51
3210 36
3211 46
3212 35
3213 44
3214 40
3215 45
3216 43
3217 42
3218 45
3219 44
3220 45
3221 39
3222 53
3223 35
3224 44
3225 44
3226 42
3227 39
3228 45
3229 55
3230 47
3231 44
3232 47
3233 41
3234 36
3235 57
3236 48
3237 39
3238 58
3239 49
3240 45
3241 41
3242 37
3243 38
3244 42
3245 39
3246 44
3247 48
3248 26
3249 33
3250 40
3251 37
3252 42
3253 48
3254 44
3255 46
3256 40
3257 34
3258 40
3259 52
3260 38
3261 38
3262 52
3263 38
3264 54
3265 47
3266 47
3267 31
3268 41
3269 44
3270 40
3271 41
3272 38
3273 41
3274 47
3275 50
3276 40
3277 38
3278 39
3279 47
3280 48
3281 38
3282 50
3283 46
3284 43
3285 42
3286 42
3287 51
3288 44
3289 37
3290 56
3291 49
3292 48
3293 39
3294 34
3295 39
3296 43
3297 45
3298 41
3299 41
3300 44
3301 46
3302 50
3303 48
3304 45
3305 33
3306 46
3307 41
3308 31
3309 53
3310 37
3311 41
3312 51
3313 46
3314 35
3315 52
3316 40
3317 55
3318 36
3319 44
3320 36
3321 43
3322 46
3323 43
3324 54
3325 40
3326 36
3327 36
3328 48
3329 38
3330 40
3331 52
3332 44
3333 32
3334 52
3335 39
3336 56
3337 36
3338 40
3339 48
3340 43
3341 34
3342 38
3343 51
3344 32
3345 44
3346 50
3347 49
3348 39
3349 44
3350 45
3351 41
3352 40
3353 63
3354 46
3355 35
3356 55
3357 42
3358 30
3359 38
3360 39
3361 46
3362 45
3363 46
3364 37
3365 38
3366 40
3367 44
3368 36
3369 38
3370 42
3371 45
3372 47
3373 45
3374 50
3375 37
3376 40
3377 45
3378 44
3379 30
3380 46
3381 39
3382 38
3383 56
3384 49
3385 30
3386 40
3387 37
3388 48
3389 38
3390 44
3391 42
3392 47
3393 35
3394 44
3395 35
3396 45
3397 43
3398 44
3399 41
3400 38
3401 35
3402 41
3403 45
3404 43
3405 36
3406 44
3407 45
3408 47
3409 33
3410 41
3411 42
3412 43
3413 30
3414 33
3415 43
3416 38
3417 41
3418 46
3419 48
3420 43
3421 40
3422 43
3423 40
3424 32
3425 34
3426 47
3427 43
3428 45
3429 37
3430 44
3431 41
3432 44
3433 43
3434 33
3435 41
3436 54
3437 35
3438 44
3439 44
3440 54
3441 37
3442 36
3443 42
3444 45
3445 57
3446 43
3447 48
3448 51
3449 50
3450 46
3451 44
3452 33
3453 34
3454 49
3455 49
3456 41
3457 36
3458 40
3459 33
3460 47
3461 30
3462 37
3463 28
3464 43
3465 43
3466 35
3467 38
3468 58
3469 44
3470 39
3471 38
3472 29
3473 38
3474 42
3475 40
3476 45
3477 46
3478 48
3479 42
3480 46
3481 50
3482 34
3483 47
3484 44
3485 42
3486 38
3487 53
3488 37
3489 36
3490 46
3491 42
3492 39
3493 34
3494 41
3495 48
3496 57
3497 39
3498 46
3499 27
3500 43
3501 44
3502 33
3503 39
3504 43
3505 44
3506 48
3507 47
3508 38
3509 39
3510 52
3511 35
3512 42
3513 32
3514 43
3515 45
3516 48
3517 35
3518 39
3519 40
3520 52
3521 37
3522 30
3523 38
3524 35
3525 37
3526 34
3527 26
3528 47
3529 47
3530 44
3531 26
3532 40
3533 39
3534 33
3535 43
3536 41
3537 51
3538 42
3539 38
3540 45
3541 32
3542 26
3543 31
3544 35
3545 42
3546 48
3547 51
3548 47
3549 37
3550 38
3551 45
3552 40
3553 36
3554 55
3555 46
3556 38
3557 38
3558 48
3559 49
3560 47
3561 35
3562 33
3563 42
3564 39
3565 41
3566 42
3567 51
3568 29
3569 47
3570 30
3571 52
3572 51
3573 45
3574 43
3575 45
3576 39
3577 37
3578 43
3579 35
3580 28
3581 35
3582 42
3583 38
3584 39
3585 38
3586 32
3587 52
3588 52
3589 40
3590 48
3591 50
3592 48
3593 30
3594 39
3595 50
3596 38
3597 37
3598 48
3599 32
3600 42
3601 43
3602 40
3603 46
3604 31
3605 39
3606 37
3607 35
3608 53
3609 34
3610 42
3611 41
3612 48
3613 51
3614 30
3615 30
3616 37
3617 42
3618 38
3619 45
3620 40
3621 47
3622 35
3623 51
3624 39
3625 44
3626 38
3627 43
3628 38
3629 43
3630 44
3631 40
3632 43
3633 35
3634 31
3635 30
3636 42
3637 32
3638 41
3639 31
3640 35
3641 52
3642 31
3643 38
3644 38
3645 50
3646 36
3647 41
3648 36
3649 33
3650 42
3651 39
3652 44
3653 37
3654 42
3655 28
3656 43
3657 43
3658 41
3659 32
3660 31
3661 35
3662 42
3663 41
3664 44
3665 39
3666 45
3667 34
3668 47
3669 39
3670 39
3671 37
3672 35
3673 38
3674 39
3675 42
3676 27
3677 29
3678 35
3679 41
3680 26
3681 38
3682 45
3683 29
3684 37
3685 45
3686 31
3687 48
3688 39
3689 33
3690 41
3691 38
3692 33
3693 30
3694 34
3695 44
3696 51
3697 37
3698 30
3699 42
3700 38
3701 42
3702 41
3703 29
3704 25
3705 43
3706 37
3707 49
3708 37
3709 41
3710 32
3711 44
3712 49
3713 38
3714 48
3715 38
3716 27
3717 40
3718 41
3719 55
3720 29
3721 34
3722 33
3723 32
3724 46
3725 31
3726 33
3727 30
3728 40
3729 38
3730 26
3731 50
3732 39
3733 38
3734 39
3735 52
3736 34
3737 38
3738 44
3739 35
3740 41
3741 34
3742 36
3743 34
3744 39
3745 41
3746 40
3747 36
3748 42
3749 40
3750 46
3751 31
3752 35
3753 35
3754 46
3755 38
3756 39
3757 32
3758 34
3759 42
3760 35
3761 31
3762 44
3763 49
3764 36
3765 56
3766 44
3767 38
3768 43
3769 38
3770 38
3771 33
3772 37
3773 45
3774 42
3775 31
3776 45
3777 34
3778 30
3779 36
3780 24
3781 46
3782 32
3783 40
3784 32
3785 42
3786 45
3787 35
3788 29
3789 42
3790 41
3791 38
3792 46
3793 43
3794 43
3795 38
3796 45
3797 31
3798 44
3799 39
3800 36
3801 39
3802 30
3803 36
3804 43
3805 29
3806 41
3807 34
3808 40
3809 41
3810 35
3811 23
3812 37
3813 37
3814 40
3815 47
3816 32
3817 31
3818 43
3819 42
3820 38
3821 40
3822 41
3823 31
3824 34
3825 40
3826 41
3827 40
3828 48
3829 29
3830 35
3831 37
3832 36
3833 32
3834 37
3835 38
3836 31
3837 26
3838 48
3839 43
3840 40
3841 38
3842 37
3843 42
3844 35
3845 31
3846 38
3847 42
3848 29
3849 43
3850 48
3851 45
3852 43
3853 54
3854 36
3855 35
3856 40
3857 32
3858 36
3859 34
3860 33
3861 34
3862 47
3863 37
3864 31
3865 39
3866 46
3867 36
3868 37
3869 42
3870 43
3871 40
3872 31
3873 29
3874 43
3875 40
3876 29
3877 41
3878 20
3879 56
3880 42
3881 44
3882 33
3883 40
3884 38
3885 43
3886 36
3887 37
3888 33
3889 42
3890 40
3891 37
3892 34
3893 25
3894 28
3895 35
3896 38
3897 40
3898 39
3899 26
3900 41
3901 45
3902 38
3903 37
3904 30
3905 35
3906 46
3907 31
3908 41
3909 38
3910 28
3911 33
3912 45
3913 33
3914 41
3915 43
3916 43
3917 37
3918 30
3919 30
3920 38
3921 35
3922 41
3923 44
3924 28
3925 38
3926 34
3927 43
3928 35
3929 34
3930 44
3931 43
3932 40
3933 35
3934 36
3935 38
3936 31
3937 35
3938 33
3939 45
3940 31
3941 27
3942 39
3943 40
3944 39
3945 36
3946 52
3947 37
3948 33
3949 41
3950 36
3951 27
3952 33
3953 37
3954 40
3955 37
3956 32
3957 32
3958 38
3959 28
3960 40
3961 40
3962 33
3963 29
3964 35
3965 41
3966 39
3967 34
3968 27
3969 29
3970 24
3971 36
3972 35
3973 30
3974 31
3975 37
3976 36
3977 44
3978 40
3979 43
3980 31
3981 30
3982 28
3983 45
3984 39
3985 38
3986 22
3987 41
3988 44
3989 39
3990 43
3991 39
3992 48
3993 35
3994 31
3995 33
3996 35
3997 34
3998 31
3999 26
4000 47
4001 31
4002 39
4003 44
4004 46
4005 31
4006 33
4007 39
4008 35
4009 29
4010 48
4011 30
4012 37
4013 41
4014 39
4015 33
4016 45
4017 40
4018 29
4019 42
4020 40
4021 40
4022 34
4023 32
4024 30
4025 31
4026 39
4027 32
4028 32
4029 28
4030 31
4031 27
4032 33
4033 51
4034 36
4035 38
4036 43
4037 38
4038 30
4039 27
4040 40
4041 39
4042 31
4043 28
4044 53
4045 31
4046 47
4047 33
4048 32
4049 39
4050 34
4051 36
4052 45
4053 38
4054 34
4055 36
4056 37
4057 42
4058 31
4059 38
4060 33
4061 33
4062 44
4063 49
4064 42
4065 44
4066 33
4067 27
4068 42
4069 37
4070 38
4071 39
4072 38
4073 35
4074 35
4075 32
4076 29
4077 27
4078 35
4079 33
4080 33
4081 24
4082 23
4083 37
4084 37
4085 39
4086 37
4087 39
4088 40
4089 37
4090 38
4091 41
4092 39
4093 39
4094 41
4095 27
4096 34
4097 38
4098 42
4099 28
4100 25
4101 37
4102 37
4103 34
4104 33
4105 35
4106 34
4107 37
4108 29
4109 34
4110 36
4111 51
4112 28
4113 29
4114 45
4115 36
4116 36
4117 41
4118 33
4119 35
4120 31
4121 50
4122 39
4123 38
4124 38
4125 36
4126 33
4127 43
4128 37
4129 33
4130 41
4131 38
4132 34
4133 29
4134 35
4135 36
4136 41
4137 34
4138 33
4139 41
4140 27
4141 25
4142 43
4143 34
4144 38
4145 36
4146 31
4147 48
4148 36
4149 39
4150 44
4151 35
4152 36
4153 30
4154 28
4155 28
4156 35
4157 39
4158 36
4159 36
4160 36
4161 38
4162 36
4163 30
4164 33
4165 27
4166 39
4167 32
4168 45
4169 36
4170 32
4171 24
4172 35
4173 30
4174 44
4175 44
4176 32
4177 38
4178 37
4179 27
4180 32
4181 42
4182 39
4183 30
4184 37
4185 28
4186 31
4187 24
4188 36
4189 36
4190 32
4191 36
4192 37
4193 42
4194 30
4195 18
4196 36
4197 45
4198 37
4199 27
4200 38
4201 33
4202 42
4203 33
4204 34
4205 35
4206 37
4207 24
4208 40
4209 23
4210 28
4211 25
4212 40
4213 33
4214 35
4215 37
4216 24
4217 39
4218 26
4219 39
4220 35
4221 34
4222 47
4223 43
4224 41
4225 39
4226 33
4227 33
4228 35
4229 37
4230 37
4231 42
4232 28
4233 33
4234 38
4235 31
4236 43
4237 32
4238 35
4239 28
4240 30
4241 45
4242 27
4243 26
4244 30
4245 33
4246 37
4247 40
4248 41
4249 41
4250 41
4251 31
4252 27
4253 38
4254 26
4255 18
4256 40
4257 27
4258 37
4259 31
4260 39
4261 36
4262 32
4263 37
4264 35
4265 35
4266 35
4267 30
4268 39
4269 41
4270 28
4271 32
4272 47
4273 36
4274 45
4275 32
4276 37
4277 28
4278 41
4279 38
4280 40
4281 42
4282 36
4283 33
4284 42
4285 45
4286 30
4287 35
4288 36
4289 35
4290 25
4291 31
4292 35
4293 34
4294 32
4295 41
4296 36
4297 44
4298 38
4299 37
4300 39
4301 31
4302 28
4303 33
4304 39
4305 31
4306 37
4307 25
4308 38
4309 42
4310 36
4311 28
4312 36
4313 36
4314 26
4315 40
4316 43
4317 25
4318 35
4319 39
4320 43
4321 40
4322 33
4323 36
4324 31
4325 26
4326 25
4327 34
4328 41
4329 31
4330 22
4331 32
4332 35
4333 36
4334 33
4335 24
4336 34
4337 29
4338 35
4339 30
4340 30
4341 30
4342 32
4343 31
4344 33
4345 38
4346 30
4347 38
4348 31
4349 50
4350 30
4351 37
4352 33
4353 24
4354 33
4355 33
4356 25
4357 41
4358 38
4359 38
4360 23
4361 31
4362 31
4363 33
4364 24
4365 31
4366 36
4367 29
4368 42
4369 36
4370 35
4371 31
4372 32
4373 29
4374 23
4375 22
4376 29
4377 40
4378 35
4379 32
4380 36
4381 36
4382 31
4383 50
4384 24
4385 39
4386 38
4387 24
4388 28
4389 26
4390 21
4391 30
4392 39
4393 37
4394 35
4395 38
4396 31
4397 32
4398 28
4399 36
4400 32
4401 29
4402 39
4403 40
4404 24
4405 37
4406 35
4407 27
4408 33
4409 31
4410 27
4411 27
4412 32
4413 34
4414 31
4415 30
4416 42
4417 31
4418 29
4419 26
4420 46
4421 26
4422 22
4423 35
4424 29
4425 39
4426 29
4427 30
4428 29
4429 18
4430 51
4431 38
4432 35
4433 36
4434 40
4435 36
4436 32
4437 28
4438 38
4439 27
4440 33
4441 33
4442 31
4443 45
4444 35
4445 33
4446 39
4447 29
4448 38
4449 27
4450 40
4451 31
4452 40
4453 31
4454 33
4455 31
4456 27
4457 41
4458 39
4459 27
4460 39
4461 27
4462 33
4463 40
4464 48
4465 27
4466 43
4467 35
4468 45
4469 27
4470 22
4471 39
4472 29
4473 33
4474 41
4475 24
4476 38
4477 33
4478 36
4479 27
4480 33
4481 30
4482 37
4483 37
4484 30
4485 25
4486 47
4487 24
4488 29
4489 38
4490 40
4491 32
4492 35
4493 25
4494 30
4495 27
4496 36
4497 33
4498 42
4499 34
4500 40
4501 33
4502 38
4503 23
4504 30
4505 41
4506 31
4507 34
4508 20
4509 35
4510 33
4511 25
4512 33
4513 35
4514 31
4515 31
4516 48
4517 33
4518 29
4519 22
4520 25
4521 31
4522 30
4523 36
4524 34
4525 39
4526 33
4527 32
4528 19
4529 41
4530 29
4531 22
4532 35
4533 29
4534 32
4535 28
4536 35
4537 36
4538 29
4539 30
4540 35
4541 23
4542 36
4543 21
4544 47
4545 29
4546 42
4547 23
4548 39
4549 36
4550 22
4551 24
4552 23
4553 32
4554 39
4555 30
4556 28
4557 30
4558 27
4559 36
4560 22
4561 27
4562 33
4563 33
4564 36
4565 31
4566 33
4567 23
4568 28
4569 34
4570 27
4571 30
4572 34
4573 30
4574 31
4575 38
4576 31
4577 40
4578 31
4579 48
4580 37
4581 40
4582 30
4583 36
4584 30
4585 31
4586 33
4587 34
4588 48
4589 34
4590 42
4591 40
4592 24
4593 31
4594 32
4595 32
4596 28
4597 33
4598 31
4599 32
4600 24
4601 29
4602 21
4603 24
4604 32
4605 36
4606 35
4607 27
4608 28
4609 27
4610 32
4611 25
4612 30
4613 25
4614 22
4615 35
4616 33
4617 31
4618 30
4619 27
4620 36
4621 42
4622 31
4623 40
4624 33
4625 29
4626 38
4627 25
4628 37
4629 29
4630 25
4631 38
4632 25
4633 30
4634 33
4635 44
4636 31
4637 27
4638 39
4639 37
4640 37
4641 29
4642 35
4643 34
4644 35
4645 43
4646 48
4647 28
4648 39
4649 32
4650 31
4651 31
4652 38
4653 20
4654 26
4655 45
4656 40
4657 30
4658 27
4659 33
4660 29
4661 26
4662 26
4663 31
4664 47
4665 27
4666 26
4667 30
4668 38
4669 31
4670 28
4671 37
4672 31
4673 35
4674 20
4675 38
4676 20
4677 29
4678 35
4679 40
4680 33
4681 30
4682 31
4683 34
4684 40
4685 35
4686 51
4687 36
4688 21
4689 39
4690 30
4691 35
4692 31
4693 34
4694 34
4695 30
4696 27
4697 20
4698 25
4699 26
4700 36
4701 30
4702 32
4703 32
4704 40
4705 40
4706 32
4707 32
4708 33
4709 32
4710 30
4711 29
4712 24
4713 36
4714 30
4715 42
4716 39
4717 27
4718 33
4719 31
4720 24
4721 31
4722 35
4723 34
4724 35
4725 35
4726 33
4727 31
4728 31
4729 35
4730 37
4731 28
4732 29
4733 38
4734 39
4735 32
4736 32
4737 28
4738 30
4739 34
4740 26
4741 27
4742 37
4743 31
4744 28
4745 30
4746 43
4747 33
4748 28
4749 35
4750 21
4751 37
4752 41
4753 21
4754 24
4755 26
4756 32
4757 26
4758 37
4759 29
4760 30
4761 26
4762 27
4763 32
4764 34
4765 22
4766 37
4767 26
4768 40
4769 24
4770 32
4771 38
4772 27
4773 35
4774 24
4775 37
4776 32
4777 33
4778 28
4779 26
4780 23
4781 28
4782 26
4783 30
4784 27
4785 40
4786 24
4787 26
4788 24
4789 35
4790 44
4791 27
4792 30
4793 29
4794 38
4795 27
4796 36
4797 33
4798 22
4799 34
4800 28
4801 32
4802 33
4803 35
4804 28
4805 23
4806 22
4807 24
4808 34
4809 22
4810 29
4811 27
4812 23
4813 24
4814 36
4815 26
4816 33
4817 27
4818 40
4819 34
4820 33
4821 23
4822 33
4823 37
4824 32
4825 32
4826 26
4827 31
4828 19
4829 11
4830 30
4831 28
4832 36
4833 26
4834 36
4835 21
4836 31
4837 27
4838 37
4839 30
4840 28
4841 22
4842 28
4843 37
4844 31
4845 34
4846 27
4847 22
4848 38
4849 45
4850 34
4851 27
4852 29
4853 41
4854 38
4855 34
4856 20
4857 42
4858 30
4859 25
4860 30
4861 23
4862 27
4863 31
4864 37
4865 32
4866 30
4867 36
4868 44
4869 37
4870 26
4871 23
4872 27
4873 33
4874 33
4875 35
4876 31
4877 46
4878 33
4879 38
4880 34
4881 21
4882 24
4883 27
4884 22
4885 28
4886 32
4887 24
4888 23
4889 27
4890 21
4891 35
4892 35
4893 21
4894 29
4895 20
4896 28
4897 39
4898 27
4899 33
4900 19
4901 37
4902 28
4903 35
4904 26
4905 29
4906 25
4907 36
4908 26
4909 34
4910 28
4911 32
4912 31
4913 28
4914 28
4915 24
4916 36
4917 34
4918 31
4919 33
4920 34
4921 33
4922 37
4923 20
4924 29
4925 33
4926 31
4927 22
4928 30
4929 28
4930 18
4931 30
4932 30
4933 28
4934 31
4935 42
4936 30
4937 36
4938 31
4939 27
4940 40
4941 21
4942 38
4943 26
4944 34
4945 36
4946 27
4947 26
4948 42
4949 32
4950 43
4951 35
4952 23
4953 27
4954 28
4955 27
4956 28
4957 22
4958 37
4959 27
4960 27
4961 32
4962 27
4963 27
4964 27
4965 19
4966 31
4967 41
4968 30
4969 23
4970 31
4971 32
4972 41
4973 29
4974 28
4975 37
4976 27
4977 28
4978 31
4979 27
4980 28
4981 23
4982 40
4983 25
4984 26
4985 23
4986 29
4987 28
4988 26
4989 33
4990 36
4991 21
4992 29
4993 35
4994 24
4995 25
4996 25
4997 32
4998 32
4999 26
5000 33
5001 24
5002 33
5003 29
5004 26
5005 27
5006 28
5007 33
5008 26
5009 34
5010 33
5011 29
5012 29
5013 28
5014 38
5015 30
5016 32
5017 31
5018 33
5019 30
5020 34
5021 35
5022 24
5023 35
5024 33
5025 26
5026 32
5027 26
5028 27
5029 38
5030 25
5031 29
5032 21
5033 25
5034 24
5035 26
5036 31
5037 35
5038 21
5039 34
5040 27
5041 24
5042 31
5043 27
5044 33
5045 29
5046 33
5047 23
5048 30
5049 29
5050 30
5051 22
5052 34
5053 33
5054 29
5055 28
5056 35
5057 26
5058 30
5059 28
5060 28
5061 32
5062 31
5063 25
5064 32
5065 23
5066 32
5067 24
5068 34
5069 38
5070 22
5071 30
5072 32
5073 26
5074 28
5075 35
5076 25
5077 21
5078 32
5079 22
5080 29
5081 22
5082 31
5083 30
5084 32
5085 24
5086 35
5087 28
5088 32
5089 22
5090 30
5091 30
5092 30
5093 26
5094 25
5095 29
5096 21
5097 29
5098 32
5099 24
5100 26
5101 27
5102 28
5103 29
5104 33
5105 39
5106 25
5107 30
5108 23
5109 31
5110 20
5111 22
5112 34
5113 33
5114 30
5115 20
5116 26
5117 33
5118 25
5119 28
5120 34
5121 35
5122 27
5123 28
5124 21
5125 35
5126 19
5127 30
5128 27
5129 26
5130 26
5131 22
5132 29
5133 18
5134 25
5135 35
5136 29
5137 25
5138 25
5139 30
5140 28
5141 31
5142 33
5143 27
5144 33
5145 29
5146 29
5147 31
5148 27
5149 32
5150 36
5151 23
5152 45
5153 35
5154 24
5155 31
5156 31
5157 32
5158 33
5159 29
5160 21
5161 35
5162 22
5163 30
5164 36
5165 34
5166 34
5167 34
5168 25
5169 31
5170 28
5171 35
5172 32
5173 24
5174 22
5175 34
5176 31
5177 28
5178 32
5179 29
5180 26
5181 22
5182 22
5183 27
5184 43
5185 23
5186 29
5187 28
5188 34
5189 31
5190 36
5191 30
5192 35
5193 16
5194 32
5195 33
5196 36
5197 17
5198 24
5199 25
5200 23
5201 32
5202 27
5203 28
5204 33
5205 29
5206 20
5207 28
5208 28
5209 27
5210 35
5211 22
5212 28
5213 38
5214 33
5215 31
5216 22
5217 35
5218 30
5219 32
5220 25
5221 33
5222 34
5223 31
5224 41
5225 23
5226 17
5227 24
5228 25
5229 29
5230 27
5231 21
5232 29
5233 36
5234 29
5235 24
5236 39
5237 21
5238 34
5239 28
5240 29
5241 25
5242 36
5243 29
5244 36
5245 16
5246 25
5247 34
5248 22
5249 29
5250 26
5251 23
5252 34
5253 32
5254 17
5255 32
5256 36
5257 30
5258 21
5259 29
5260 40
5261 29
5262 20
5263 34
5264 32
5265 35
5266 22
5267 21
5268 28
5269 26
5270 24
5271 26
5272 37
5273 25
5274 27
5275 30
5276 28
5277 26
5278 27
5279 30
5280 31
5281 35
5282 15
5283 25
5284 20
5285 27
5286 22
5287 25
5288 30
5289 19
5290 25
5291 25
5292 28
5293 33
5294 28
5295 27
5296 35
5297 25
5298 31
5299 23
5300 27
5301 35
5302 29
5303 20
5304 19
5305 21
5306 35
5307 25
5308 32
5309 19
5310 22
5311 24
5312 28
5313 23
5314 18
5315 31
5316 22
5317 34
5318 28
5319 32
5320 32
5321 28
5322 34
5323 29
5324 30
5325 24
5326 35
5327 30
5328 34
5329 25
5330 25
5331 28
5332 15
5333 36
5334 34
5335 35
5336 25
5337 33
5338 25
5339 20
5340 34
5341 35
5342 26
5343 34
5344 28
5345 29
5346 30
5347 21
5348 29
5349 33
5350 27
5351 19
5352 24
5353 29
5354 26
5355 21
5356 30
5357 25
5358 33
5359 34
5360 27
5361 27
5362 26
5363 31
5364 20
5365 19
5366 34
5367 33
5368 28
5369 29
5370 36
5371 22
5372 30
5373 36
5374 29
5375 20
5376 34
5377 30
5378 23
5379 33
5380 27
5381 27
5382 34
5383 17
5384 23
5385 35
5386 40
5387 31
5388 31
5389 27
5390 27
5391 39
5392 23
5393 38
5394 29
5395 24
5396 26
5397 38
5398 25
5399 33
5400 28
5401 23
5402 35
5403 27
5404 32
5405 32
5406 21
5407 21
5408 29
5409 28
5410 35
5411 33
5412 26
5413 25
5414 28
5415 36
5416 27
5417 30
5418 26
5419 25
5420 30
5421 26
5422 26
5423 34
5424 17
5425 24
5426 21
5427 29
5428 28
5429 31
5430 25
5431 35
5432 14
5433 34
5434 29
5435 28
5436 21
5437 16
5438 35
5439 24
5440 24
5441 31
5442 22
5443 36
5444 29
5445 30
5446 33
5447 30
5448 26
5449 24
5450 29
5451 28
5452 32
5453 27
5454 20
5455 31
5456 22
5457 36
5458 33
5459 28
5460 34
5461 34
5462 27
5463 33
5464 30
5465 23
5466 23
5467 26
5468 39
5469 16
5470 29
5471 27
5472 19
5473 24
5474 35
5475 28
5476 28
5477 26
5478 31
5479 35
5480 27
5481 32
5482 27
5483 27
5484 30
5485 28
5486 29
5487 22
5488 20
5489 30
5490 27
5491 34
5492 27
5493 20
5494 27
5495 28
5496 31
5497 26
5498 30
5499 30
5500 25
5501 21
5502 30
5503 25
5504 24
5505 23
5506 30
5507 31
5508 26
5509 31
5510 21
5511 28
5512 33
5513 22
5514 25
5515 24
5516 25
5517 36
5518 19
5519 28
5520 31
5521 33
5522 35
5523 27
5524 33
5525 27
5526 18
5527 25
5528 22
5529 30
5530 22
5531 30
5532 28
5533 32
5534 27
5535 32
5536 26
5537 24
5538 29
5539 30
5540 25
5541 27
5542 23
5543 31
5544 30
5545 24
5546 38
5547 31
5548 22
5549 25
5550 28
5551 28
5552 41
5553 19
5554 23
5555 26
5556 33
5557 18
5558 29
5559 29
5560 34
5561 25
5562 26
5563 25
5564 22
5565 20
5566 31
5567 24
5568 23
5569 23
5570 32
5571 29
5572 24
5573 16
5574 30
5575 35
5576 29
5577 24
5578 28
5579 28
5580 20
5581 36
5582 22
5583 24
5584 38
5585 23
5586 36
5587 22
5588 25
5589 23
5590 31
5591 17
5592 31
5593 24
5594 35
5595 30
5596 31
5597 27
5598 24
5599 29
5600 32
5601 19
5602 30
5603 31
5604 34
5605 21
5606 29
5607 26
5608 26
5609 30
5610 24
5611 23
5612 25
5613 30
5614 23
5615 19
5616 30
5617 30
5618 30
5619 22
5620 26
5621 36
5622 27
5623 29
5624 23
5625 32
5626 31
5627 29
5628 31
5629 29
5630 24
5631 34
5632 35
5633 21
5634 21
5635 29
5636 32
5637 32
5638 22
5639 29
5640 23
5641 27
5642 29
5643 34
5644 20
5645 25
5646 25
5647 18
5648 34
5649 31
5650 29
5651 29
5652 31
5653 32
5654 24
5655 20
5656 23
5657 37
5658 34
5659 22
5660 36
5661 28
5662 21
5663 30
5664 23
5665 14
5666 23
5667 25
5668 25
5669 35
5670 24
5671 22
5672 27
5673 24
5674 34
5675 31
5676 18
5677 27
5678 36
5679 30
5680 24
5681 21
5682 29
5683 25
5684 20
5685 30
5686 21
5687 26
5688 40
5689 40
5690 24
5691 29
5692 22
5693 32
5694 35
5695 26
5696 20
5697 25
5698 23
5699 26
5700 27
5701 24
5702 23
5703 25
5704 20
5705 29
5706 25
5707 28
5708 30
5709 23
5710 26
5711 28
5712 24
5713 22
5714 26
5715 20
5716 31
5717 13
5718 19
5719 23
5720 22
5721 30
5722 33
5723 26
5724 26
5725 41
5726 26
5727 23
5728 23
5729 28
5730 23
5731 24
5732 28
5733 21
5734 31
5735 21
5736 31
5737 29
5738 29
5739 29
5740 36
5741 28
5742 32
5743 29
5744 27
5745 21
5746 30
5747 23
5748 35
5749 17
5750 22
5751 19
5752 26
5753 26
5754 24
5755 31
5756 18
5757 26
5758 30
5759 28
5760 21
5761 17
5762 33
5763 29
5764 32
5765 28
5766 21
5767 8
5768 22
5769 25
5770 24
5771 15
5772 28
5773 21
5774 22
5775 29
5776 30
5777 31
5778 27
5779 21
5780 19
5781 33
5782 35
5783 29
5784 24
5785 19
5786 25
5787 28
5788 27
5789 20
5790 39
5791 29
5792 21
5793 19
5794 28
5795 26
5796 21
5797 20
5798 25
5799 21
5800 23
5801 24
5802 32
5803 32
5804 22
5805 28
5806 27
5807 29
5808 24
5809 22
5810 19
5811 28
5812 23
5813 25
5814 31
5815 22
5816 24
5817 34
5818 30
5819 24
5820 31
5821 27
5822 26
5823 31
5824 26
5825 29
5826 29
5827 24
5828 26
5829 25
5830 14
5831 28
5832 27
5833 23
5834 30
5835 29
5836 23
5837 27
5838 27
5839 21
5840 22
5841 25
5842 24
5843 22
5844 18
5845 21
5846 21
5847 15
5848 28
5849 20
5850 34
5851 31
5852 20
5853 31
5854 20
5855 19
5856 30
5857 27
5858 26
5859 31
5860 29
5861 26
5862 27
5863 36
5864 25
5865 18
5866 31
5867 27
5868 29
5869 18
5870 23
5871 24
5872 24
5873 18
5874 21
5875 19
5876 28
5877 25
5878 24
5879 21
5880 31
5881 22
5882 18
5883 23
5884 24
5885 23
5886 28
5887 23
5888 23
5889 33
5890 18
5891 40
5892 28
5893 21
5894 39
5895 22
5896 22
5897 23
5898 28
5899 26
5900 20
5901 23
5902 19
5903 34
5904 21
5905 26
5906 26
5907 20
5908 30
5909 34
5910 28
5911 27
5912 32
5913 19
5914 33
5915 25
5916 21
5917 18
5918 21
5919 33
5920 28
5921 20
5922 20
5923 24
5924 28
5925 25
5926 33
5927 21
5928 29
5929 25
5930 21
5931 21
5932 19
5933 23
5934 25
5935 30
5936 21
5937 33
5938 18
5939 29
5940 24
5941 22
5942 25
5943 28
5944 28
5945 16
5946 26
5947 31
5948 26
5949 21
5950 20
5951 24
5952 20
5953 28
5954 28
5955 25
5956 28
5957 23
5958 19
5959 28
5960 24
5961 24
5962 29
5963 30
5964 29
5965 26
5966 19
5967 18
5968 30
5969 35
5970 25
5971 24
5972 22
5973 22
5974 22
5975 25
5976 30
5977 16
5978 28
5979 21
5980 25
5981 23
5982 22
5983 18
5984 25
5985 26
5986 23
5987 29
5988 32
5989 28
5990 33
5991 17
5992 24
5993 35
5994 18
5995 28
5996 29
5997 26
5998 19
5999 28
6000 17
6001 29
6002 25
6003 19
6004 17
6005 18
6006 23
6007 20
6008 16
6009 25
6010 17
6011 25
6012 26
6013 24
6014 23
6015 22
6016 18
6017 22
6018 22
6019 32
6020 23
6021 22
6022 27
6023 28
6024 26
6025 20
6026 26
6027 22
6028 30
6029 19
6030 18
6031 16
6032 28
6033 30
6034 28
6035 19
6036 32
6037 20
6038 29
6039 28
6040 39
6041 22
6042 20
6043 24
6044 30
6045 16
6046 31
6047 18
6048 19
6049 18
6050 25
6051 29
6052 30
6053 25
6054 24
6055 24
6056 25
6057 20
6058 24
6059 24
6060 31
6061 24
6062 24
6063 24
6064 25
6065 25
6066 22
6067 13
6068 31
6069 24
6070 19
6071 23
6072 26
6073 15
6074 27
6075 17
6076 23
6077 27
6078 27
6079 29
6080 25
6081 35
6082 27
6083 25
6084 18
6085 25
6086 22
6087 32
6088 23
6089 31
6090 18
6091 25
6092 26
6093 33
6094 32
6095 19
6096 36
6097 31
6098 32
6099 20
6100 21
6101 21
6102 28
6103 16
6104 29
6105 18
6106 20
6107 27
6108 30
6109 20
6110 26
6111 17
6112 26
6113 28
6114 29
6115 30
6116 36
6117 28
6118 21
6119 28
6120 19
6121 26
6122 24
6123 26
6124 18
6125 17
6126 24
6127 23
6128 20
6129 26
6130 18
6131 16
6132 20
6133 31
6134 17
6135 23
6136 17
6137 20
6138 27
6139 24
6140 21
6141 24
6142 26
6143 21
6144 27
6145 22
6146 19
6147 18
6148 28
6149 17
6150 26
6151 15
6152 26
6153 27
6154 17
6155 24
6156 30
6157 17
6158 23
6159 23
6160 18
6161 18
6162 28
6163 17
6164 21
6165 26
6166 17
6167 27
6168 21
6169 33
6170 26
6171 24
6172 18
6173 25
6174 26
6175 14
6176 19
6177 26
6178 27
6179 23
6180 22
6181 27
6182 29
6183 33
6184 25
6185 22
6186 26
6187 22
6188 27
6189 17
6190 22
6191 24
6192 35
6193 15
6194 22
6195 30
6196 21
6197 26
6198 25
6199 19
6200 22
6201 23
6202 28
6203 13
6204 25
6205 21
6206 23
6207 21
6208 21
6209 30
6210 16
6211 24
6212 29
6213 16
6214 25
6215 28
6216 16
6217 27
6218 19
6219 27
6220 35
6221 24
6222 23
6223 17
6224 24
6225 14
6226 18
6227 32
6228 21
6229 22
6230 25
6231 23
6232 24
6233 18
6234 33
6235 27
6236 33
6237 27
6238 27
6239 26
6240 25
6241 28
6242 24
6243 31
6244 26
6245 25
6246 24
6247 22
6248 29
6249 27
6250 26
6251 21
6252 23
6253 31
6254 24
6255 27
6256 22
6257 26
6258 17
6259 19
6260 19
6261 32
6262 23
6263 23
6264 25
6265 21
6266 14
6267 26
6268 15
6269 21
6270 32
6271 26
6272 17
6273 14
6274 25
6275 26
6276 20
6277 27
6278 28
6279 28
6280 28
6281 21
6282 23
6283 26
6284 23
6285 23
6286 24
6287 20
6288 27
6289 27
6290 23
6291 23
6292 27
6293 14
6294 27
6295 22
6296 24
6297 22
6298 29
6299 22
6300 20
6301 20
6302 19
6303 25
6304 22
6305 26
6306 23
6307 24
6308 24
6309 22
6310 25
6311 21
6312 19
6313 21
6314 26
6315 19
6316 18
6317 21
6318 21
6319 23
6320 21
6321 20
6322 21
6323 21
6324 22
6325 24
6326 27
6327 25
6328 19
6329 16
6330 13
6331 22
6332 26
6333 22
6334 19
6335 22
6336 24
6337 18
6338 18
6339 19
6340 25
6341 9
6342 23
6343 19
6344 29
6345 20
6346 24
6347 25
6348 33
6349 20
6350 17
6351 27
6352 35
6353 26
6354 19
6355 20
6356 22
6357 21
6358 17
6359 26
6360 23
6361 25
6362 25
6363 31
6364 25
6365 25
6366 20
6367 22
6368 26
6369 14
6370 23
6371 18
6372 24
6373 30
6374 21
6375 19
6376 21
6377 18
6378 30
6379 25
6380 14
6381 22
6382 20
6383 16
6384 21
6385 25
6386 23
6387 22
6388 21
6389 24
6390 25
6391 26
6392 16
6393 18
6394 34
6395 18
6396 17
6397 23
6398 23
6399 29
6400 22
6401 23
6402 23
6403 26
6404 29
6405 21
6406 26
6407 26
6408 22
6409 22
6410 22
6411 20
6412 16
6413 22
6414 18
6415 21
6416 30
6417 21
6418 27
6419 23
6420 23
6421 30
6422 21
6423 22
6424 18
6425 27
6426 18
6427 20
6428 18
6429 21
6430 14
6431 23
6432 24
6433 25
6434 20
6435 17
6436 23
6437 24
6438 22
6439 27
6440 20
6441 18
6442 27
6443 29
6444 32
6445 21
6446 25
6447 9
6448 22
6449 22
6450 23
6451 21
6452 22
6453 26
6454 23
6455 24
6456 27
6457 25
6458 29
6459 23
6460 22
6461 17
6462 19
6463 22
6464 24
6465 26
6466 11
6467 17
6468 25
6469 27
6470 28
6471 23
6472 25
6473 22
6474 23
6475 21
6476 12
6477 26
6478 22
6479 28
6480 22
6481 18
6482 20
6483 26
6484 20
6485 14
6486 21
6487 26
6488 18
6489 23
6490 24
6491 25
6492 24
6493 28
6494 22
6495 19
6496 15
6497 29
6498 23
6499 21
6500 24
6501 27
6502 10
6503 22
6504 14
6505 15
6506 21
6507 15
6508 21
6509 28
6510 31
6511 22
6512 28
6513 19
6514 27
6515 22
6516 26
6517 20
6518 27
6519 19
6520 12
6521 24
6522 18
6523 25
6524 30
6525 21
6526 22
6527 16
6528 25
6529 28
6530 20
6531 23
6532 19
6533 21
6534 28
6535 27
6536 24
6537 17
6538 29
6539 27
6540 13
6541 18
6542 23
6543 24
6544 22
6545 25
6546 28
6547 27
6548 24
6549 19
6550 21
6551 23
6552 28
6553 24
6554 21
6555 18
6556 25
6557 27
6558 19
6559 20
6560 21
6561 24
6562 23
6563 15
6564 24
6565 25
6566 29
6567 27
6568 19
6569 26
6570 27
6571 21
6572 26
6573 16
6574 27
6575 17
6576 24
6577 25
6578 18
6579 21
6580 13
6581 18
6582 19
6583 23
6584 18
6585 21
6586 26
6587 22
6588 18
6589 20
6590 25
6591 21
6592 21
6593 19
6594 22
6595 27
6596 15
6597 20
6598 26
6599 32
6600 28
6601 24
6602 20
6603 24
6604 20
6605 22
6606 25
6607 29
6608 17
6609 29
6610 26
6611 13
6612 16
6613 25
6614 29
6615 31
6616 23
6617 25
6618 26
6619 23
6620 16
6621 26
6622 20
6623 19
6624 25
6625 23
6626 20
6627 21
6628 20
6629 16
6630 16
6631 16
6632 20
6633 24
6634 23
6635 25
6636 35
6637 28
6638 24
6639 21
6640 24
6641 24
6642 21
6643 15
6644 22
6645 22
6646 7
6647 29
6648 22
6649 15
6650 24
6651 27
6652 17
6653 15
6654 18
6655 19
6656 15
6657 23
6658 24
6659 21
6660 25
6661 22
6662 27
6663 23
6664 22
6665 22
6666 19
6667 13
6668 15
6669 18
6670 13
6671 30
6672 18
6673 28
6674 19
6675 24
6676 16
6677 27
6678 18
6679 19
6680 22
6681 24
6682 25
6683 20
6684 19
6685 15
6686 20
6687 17
6688 22
6689 19
6690 14
6691 23
6692 20
6693 17
6694 23
6695 21
6696 26
6697 21
6698 22
6699 20
6700 26
6701 29
6702 18
6703 22
6704 24
6705 23
6706 21
6707 19
6708 24
6709 23
6710 26
6711 16
6712 25
6713 32
6714 24
6715 22
6716 28
6717 22
6718 16
6719 17
6720 25
6721 15
6722 23
6723 21
6724 10
6725 22
6726 16
6727 21
6728 16
6729 31
6730 26
6731 21
6732 23
6733 21
6734 20
6735 19
6736 17
6737 31
6738 27
6739 16
6740 18
6741 18
6742 16
6743 17
6744 23
6745 18
6746 18
6747 24
6748 17
6749 16
6750 25
6751 23
6752 29
6753 16
6754 22
6755 26
6756 16
6757 23
6758 21
6759 24
6760 21
6761 17
6762 12
6763 21
6764 18
6765 23
6766 10
6767 25
6768 18
6769 21
6770 21
6771 27
6772 18
6773 21
6774 19
6775 26
6776 15
6777 17
6778 22
6779 15
6780 27
6781 24
6782 11
6783 15
6784 16
6785 23
6786 20
6787 22
6788 23
6789 12
6790 25
6791 25
6792 18
6793 22
6794 25
6795 18
6796 20
6797 20
6798 22
6799 19
6800 13
6801 24
6802 14
6803 24
6804 19
6805 24
6806 31
6807 33
6808 21
6809 29
6810 21
6811 22
6812 31
6813 29
6814 17
6815 20
6816 28
6817 18
6818 26
6819 25
6820 21
6821 22
6822 21
6823 17
6824 17
6825 13
6826 23
6827 18
6828 23
6829 20
6830 12
6831 17
6832 24
6833 24
6834 17
6835 14
6836 22
6837 27
6838 12
6839 13
6840 23
6841 15
6842 24
6843 23
6844 21
6845 14
6846 14
6847 20
6848 14
6849 30
6850 19
6851 20
6852 24
6853 19
6854 24
6855 21
6856 17
6857 18
6858 23
6859 15
6860 23
6861 25
6862 26
6863 25
6864 20
6865 15
6866 19
6867 19
6868 27
6869 17
6870 18
6871 25
6872 22
6873 20
6874 19
6875 20
6876 22
6877 23
6878 21
6879 22
6880 21
6881 22
6882 25
6883 22
6884 22
6885 12
6886 17
6887 12
6888 22
6889 23
6890 25
6891 18
6892 23
6893 28
6894 22
6895 20
6896 8
6897 18
6898 24
6899 21
6900 25
6901 19
6902 20
6903 22
6904 14
6905 22
6906 16
6907 29
6908 21
6909 19
6910 27
6911 26
6912 13
6913 17
6914 21
6915 23
6916 17
6917 15
6918 19
6919 16
6920 18
6921 19
6922 21
6923 23
6924 17
6925 24
6926 18
6927 16
6928 23
6929 17
6930 22
6931 20
6932 24
6933 26
6934 18
6935 16
6936 28
6937 21
6938 19
6939 20
6940 20
6941 23
6942 20
6943 19
6944 15
6945 19
6946 28
6947 17
6948 25
6949 22
6950 18
6951 23
6952 25
6953 32
6954 18
6955 19
6956 17
6957 21
6958 24
6959 24
6960 17
6961 23
6962 23
6963 24
6964 29
6965 20
6966 14
6967 25
6968 13
6969 20
6970 18
6971 25
6972 24
6973 19
6974 17
6975 28
6976 27
6977 9
6978 17
6979 26
6980 20
6981 24
6982 22
6983 21
6984 16
6985 21
6986 17
6987 26
6988 16
6989 25
6990 21
6991 21
6992 20
6993 22
6994 15
6995 26
6996 24
6997 35
6998 12
6999 21
7000 13
7001 20
7002 24
7003 15
7004 17
7005 29
7006 21
7007 16
7008 27
7009 24
7010 18
7011 15
7012 23
7013 22
7014 18
7015 16
7016 33
7017 27
7018 22
7019 17
7020 23
7021 23
7022 26
7023 24
7024 12
7025 22
7026 21
7027 23
7028 28
7029 22
7030 24
7031 30
7032 19
7033 16
7034 30
7035 16
7036 28
7037 24
7038 16
7039 17
7040 16
7041 30
7042 21
7043 23
7044 20
7045 16
7046 25
7047 24
7048 19
7049 16
7050 19
7051 13
7052 15
7053 19
7054 21
7055 16
7056 14
7057 23
7058 17
7059 26
7060 27
7061 22
7062 16
7063 24
7064 30
7065 17
7066 20
7067 13
7068 25
7069 21
7070 17
7071 26
7072 25
7073 17
7074 21
7075 14
7076 17
7077 17
7078 21
7079 20
7080 22
7081 14
7082 15
7083 16
7084 18
7085 26
7086 27
7087 18
7088 21
7089 25
7090 22
7091 24
7092 11
7093 18
7094 23
7095 24
7096 18
7097 10
7098 13
7099 15
7100 30
7101 17
7102 17
7103 14
7104 22
7105 7
7106 28
7107 22
7108 25
7109 16
7110 20
7111 13
7112 20
7113 23
7114 22
7115 25
7116 23
7117 17
7118 25
7119 27
7120 29
7121 26
7122 15
7123 20
7124 11
7125 19
7126 22
7127 14
7128 19
7129 20
7130 12
7131 20
7132 21
7133 21
7134 7
7135 19
7136 20
7137 26
7138 25
7139 23
7140 24
7141 20
7142 15
7143 27
7144 16
7145 22
7146 25
7147 18
7148 12
7149 19
7150 21
7151 22
7152 13
7153 19
7154 16
7155 13
7156 21
7157 23
7158 18
7159 22
7160 20
7161 21
7162 19
7163 18
7164 18
7165 20
7166 25
7167 16
7168 25
7169 16
7170 12
7171 14
7172 12
7173 19
7174 21
7175 20
7176 19
7177 12
7178 9
7179 14
7180 24
7181 18
7182 16
7183 14
7184 11
7185 18
7186 15
7187 16
7188 10
7189 15
7190 20
7191 22
7192 15
7193 12
7194 22
7195 9
7196 18
7197 21
7198 19
7199 18
7200 15
7201 12
7202 18
7203 25
7204 22
7205 17
7206 18
7207 30
7208 17
7209 23
7210 14
7211 17
7212 25
7213 28
7214 18
7215 27
7216 16
7217 16
7218 19
7219 21
7220 26
7221 15
7222 18
7223 19
7224 16
7225 19
7226 15
7227 19
7228 24
7229 17
7230 16
7231 15
7232 20
7233 16
7234 17
7235 19
7236 17
7237 17
7238 18
7239 17
7240 27
7241 22
7242 14
7243 20
7244 24
7245 24
7246 12
7247 24
7248 17
7249 14
7250 22
7251 25
7252 25
7253 26
7254 22
7255 21
7256 22
7257 18
7258 19
7259 21
7260 25
7261 21
7262 10
7263 22
7264 16
7265 18
7266 10
7267 24
7268 9
7269 22
7270 25
7271 25
7272 20
7273 7
7274 22
7275 24
7276 23
7277 17
7278 19
7279 20
7280 27
7281 26
7282 18
7283 14
7284 22
7285 18
7286 22
7287 21
7288 18
7289 31
7290 22
7291 16
7292 13
7293 21
7294 17
7295 17
7296 22
7297 23
7298 19
7299 16
7300 26
7301 21
7302 19
7303 15
7304 21
7305 18
7306 22
7307 14
7308 21
7309 24
7310 24
7311 19
7312 21
7313 23
7314 23
7315 13
7316 20
7317 15
7318 17
7319 19
7320 15
7321 14
7322 28
7323 17
7324 24
7325 29
7326 21
7327 24
7328 22
7329 17
7330 21
7331 20
7332 23
7333 25
7334 11
7335 13
7336 26
7337 20
7338 15
7339 20
7340 18
7341 23
7342 17
7343 15
7344 12
7345 18
7346 14
7347 15
7348 20
7349 19
7350 23
7351 19
7352 24
7353 22
7354 21
7355 17
7356 10
7357 15
7358 28
7359 22
7360 21
7361 23
7362 19
7363 19
7364 21
7365 19
7366 20
7367 23
7368 25
7369 23
7370 15
7371 24
7372 22
7373 22
7374 20
7375 16
7376 24
7377 17
7378 19
7379 15
7380 13
7381 20
7382 22
7383 28
7384 16
7385 23
7386 20
7387 18
7388 18
7389 14
7390 22
7391 23
7392 22
7393 18
7394 25
7395 24
7396 15
7397 16
7398 13
7399 24
7400 26
7401 17
7402 20
7403 16
7404 21
7405 12
7406 22
7407 22
7408 18
7409 17
7410 12
7411 11
7412 12
7413 18
7414 19
7415 12
7416 19
7417 20
7418 20
7419 21
7420 18
7421 17
7422 20
7423 19
7424 17
7425 20
7426 24
7427 12
7428 20
7429 15
7430 18
7431 18
7432 16
7433 22
7434 14
7435 29
7436 24
7437 17
7438 20
7439 18
7440 26
7441 28
7442 26
7443 16
7444 18
7445 23
7446 13
7447 15
7448 20
7449 15
7450 21
7451 26
7452 20
7453 24
7454 17
7455 21
7456 21
7457 12
7458 13
7459 18
7460 20
7461 25
7462 29
7463 18
7464 20
7465 22
7466 19
7467 18
7468 17
7469 18
7470 19
7471 20
7472 24
7473 17
7474 18
7475 16
7476 14
7477 15
7478 13
7479 16
7480 26
7481 17
7482 15
7483 24
7484 18
7485 27
7486 13
7487 20
7488 13
7489 18
7490 16
7491 19
7492 18
7493 15
7494 11
7495 24
7496 16
7497 20
7498 18
7499 19
7500 21
7501 24
7502 22
7503 16
7504 22
7505 27
7506 20
7507 17
7508 18
7509 24
7510 15
7511 16
7512 21
7513 24
7514 19
7515 16
7516 17
7517 19
7518 10
7519 25
7520 24
7521 18
7522 22
7523 12
7524 20
7525 18
7526 14
7527 17
7528 17
7529 19
7530 22
7531 21
7532 23
7533 18
7534 19
7535 13
7536 20
7537 24
7538 22
7539 10
7540 25
7541 13
7542 26
7543 18
7544 14
7545 23
7546 17
7547 15
7548 20
7549 19
7550 20
7551 19
7552 22
7553 19
7554 13
7555 27
7556 15
7557 12
7558 18
7559 12
7560 17
7561 19
7562 15
7563 17
7564 16
7565 18
7566 16
7567 25
7568 19
7569 20
7570 21
7571 18
7572 17
7573 13
7574 22
7575 18
7576 15
7577 14
7578 17
7579 15
7580 8
7581 15
7582 19
7583 17
7584 21
7585 17
7586 22
7587 13
7588 20
7589 14
7590 14
7591 18
7592 16
7593 16
7594 20
7595 17
7596 11
7597 20
7598 18
7599 12
7600 14
7601 16
7602 17
7603 25
7604 11
7605 20
7606 15
7607 22
7608 19
7609 13
7610 15
7611 23
7612 17
7613 19
7614 23
7615 17
7616 13
7617 20
7618 21
7619 27
7620 18
7621 14
7622 14
7623 22
7624 18
7625 20
7626 14
7627 21
7628 16
7629 18
7630 21
7631 14
7632 14
7633 18
7634 13
7635 12
7636 21
7637 18
7638 20
7639 20
7640 15
7641 26
7642 18
7643 15
7644 28
7645 13
7646 12
7647 22
7648 17
7649 15
7650 21
7651 23
7652 16
7653 18
7654 21
7655 11
7656 21
7657 23
7658 16
7659 19
7660 16
7661 18
7662 24
7663 16
7664 16
7665 18
7666 20
7667 18
7668 19
7669 19
7670 24
7671 17
7672 23
7673 20
7674 17
7675 15
7676 19
7677 23
7678 23
7679 19
7680 19
7681 20
7682 24
7683 20
7684 17
7685 21
7686 14
7687 20
7688 32
7689 18
7690 19
7691 17
7692 23
7693 13
7694 13
7695 15
7696 18
7697 27
7698 16
7699 17
7700 20
7701 16
7702 19
7703 19
7704 21
7705 14
7706 13
7707 15
7708 25
7709 18
7710 20
7711 19
7712 14
7713 10
7714 21
7715 16
7716 25
7717 17
7718 18
7719 18
7720 19
7721 15
7722 14
7723 23
7724 18
7725 15
7726 5
7727 8
7728 24
7729 18
7730 23
7731 12
7732 12
7733 14
7734 20
7735 27
7736 20
7737 13
7738 19
7739 17
7740 20
7741 18
7742 13
7743 17
7744 12
7745 15
7746 11
7747 20
7748 24
7749 13
7750 16
7751 16
7752 21
7753 15
7754 17
7755 26
7756 14
7757 17
7758 16
7759 12
7760 16
7761 16
7762 9
7763 19
7764 17
7765 18
7766 14
7767 19
7768 18
7769 21
7770 11
7771 16
7772 13
7773 19
7774 21
7775 17
7776 13
7777 19
7778 19
7779 9
7780 20
7781 17
7782 15
7783 17
7784 17
7785 17
7786 19
7787 18
7788 19
7789 23
7790 19
7791 25
7792 14
7793 14
7794 11
7795 18
7796 27
7797 11
7798 26
7799 12
7800 26
7801 17
7802 22
7803 17
7804 19
7805 16
7806 19
7807 20
7808 19
7809 14
7810 15
7811 16
7812 17
7813 21
7814 18
7815 15
7816 20
7817 21
7818 27
7819 19
7820 21
7821 17
7822 21
7823 19
7824 21
7825 23
7826 24
7827 18
7828 10
7829 15
7830 19
7831 18
7832 18
7833 18
7834 24
7835 21
7836 25
7837 16
7838 14
7839 16
7840 18
7841 24
7842 14
7843 20
7844 17
7845 21
7846 20
7847 14
7848 12
7849 19
7850 13
7851 15
7852 16
7853 12
7854 21
7855 19
7856 14
7857 25
7858 8
7859 20
7860 15
7861 24
7862 10
7863 13
7864 12
7865 17
7866 12
7867 21
7868 18
7869 7
7870 16
7871 27
7872 21
7873 21
7874 21
7875 13
7876 20
7877 16
7878 12
7879 11
7880 12
7881 18
7882 16
7883 19
7884 18
7885 12
7886 13
7887 19
7888 18
7889 22
7890 13
7891 21
7892 18
7893 9
7894 8
7895 22
7896 19
7897 13
7898 20
7899 20
7900 22
7901 23
7902 20
7903 17
7904 15
7905 22
7906 20
7907 18
7908 24
7909 16
7910 19
7911 19
7912 12
7913 17
7914 15
7915 21
7916 25
7917 20
7918 12
7919 15
7920 13
7921 11
7922 15
7923 19
7924 11
7925 16
7926 25
7927 19
7928 14
7929 20
7930 24
7931 22
7932 24
7933 27
7934 20
7935 14
7936 18
7937 14
7938 22
7939 19
7940 16
7941 14
7942 23
7943 27
7944 20
7945 10
7946 15
7947 17
7948 23
7949 12
7950 21
7951 15
7952 23
7953 25
7954 14
7955 18
7956 13
7957 21
7958 19
7959 23
7960 13
7961 20
7962 24
7963 17
7964 20
7965 18
7966 13
7967 14
7968 16
7969 17
7970 13
7971 17
7972 10
7973 15
7974 18
7975 22
7976 19
7977 17
7978 12
7979 15
7980 9
7981 17
7982 13
7983 12
7984 17
7985 22
7986 16
7987 25
7988 23
7989 16
7990 19
7991 19
7992 12
7993 14
7994 18
7995 12
7996 16
7997 17
7998 15
7999 21
8000 20
8001 21
8002 20
8003 14
8004 19
8005 21
8006 15
8007 12
8008 18
8009 23
8010 27
8011 13
8012 15
8013 16
8014 15
8015 18
8016 19
8017 18
8018 20
8019 18
8020 14
8021 19
8022 23
8023 15
8024 16
8025 18
8026 16
8027 18
8028 20
8029 11
8030 14
8031 10
8032 21
8033 9
8034 16
8035 22
8036 12
8037 20
8038 16
8039 18
8040 20
8041 23
8042 11
8043 12
8044 12
8045 17
8046 24
8047 18
8048 11
8049 12
8050 18
8051 16
8052 15
8053 14
8054 21
8055 9
8056 22
8057 23
8058 16
8059 17
8060 22
8061 18
8062 18
8063 24
8064 16
8065 18
8066 16
8067 21
8068 14
8069 19
8070 10
8071 20
8072 22
8073 18
8074 24
8075 21
8076 23
8077 10
8078 11
8079 20
8080 16
8081 14
8082 17
8083 21
8084 17
8085 18
8086 23
8087 15
8088 13
8089 10
8090 13
8091 19
8092 11
8093 22
8094 11
8095 15
8096 20
8097 24
8098 16
8099 17
8100 18
8101 18
8102 20
8103 16
8104 9
8105 19
8106 20
8107 13
8108 11
8109 13
8110 15
8111 10
8112 9
8113 13
8114 21
8115 16
8116 17
8117 14
8118 17
8119 16
8120 14
8121 11
8122 19
8123 19
8124 27
8125 15
8126 13
8127 26
8128 18
8129 19
8130 26
8131 27
8132 21
8133 16
8134 22
8135 14
8136 23
8137 20
8138 15
8139 18
8140 23
8141 19
8142 22
8143 16
8144 9
8145 13
8146 18
8147 18
8148 21
8149 17
8150 19
8151 18
8152 25
8153 12
8154 17
8155 21
8156 16
8157 20
8158 20
8159 14
8160 11
8161 15
8162 15
8163 17
8164 21
8165 19
8166 19
8167 19
8168 14
8169 15
8170 11
8171 12
8172 20
8173 13
8174 11
8175 17
8176 23
8177 18
8178 18
8179 17
8180 18
8181 22
8182 12
8183 24
8184 14
8185 12
8186 17
8187 18
8188 12
8189 20
8190 18
8191 24
8192 15
8193 15
8194 23
8195 18
8196 13
8197 24
8198 20
8199 12
8200 18
8201 29
8202 12
8203 14
8204 13
8205 17
8206 23
8207 16
8208 16
8209 19
8210 13
8211 13
8212 6
8213 14
8214 12
8215 21
8216 16
8217 12
8218 20
8219 12
8220 10
8221 19
8222 17
8223 17
8224 12
8225 19
8226 14
8227 17
8228 23
8229 16
8230 17
8231 22
8232 14
8233 14
8234 14
8235 13
8236 15
8237 15
8238 10
8239 8
8240 17
8241 18
8242 13
8243 18
8244 21
8245 12
8246 16
8247 15
8248 13
8249 12
8250 16
8251 16
8252 13
8253 16
8254 19
8255 14
8256 16
8257 12
8258 17
8259 9
8260 16
8261 18
8262 9
8263 19
8264 17
8265 14
8266 20
8267 13
8268 15
8269 18
8270 14
8271 14
8272 14
8273 14
8274 13
8275 12
8276 26
8277 17
8278 20
8279 19
8280 18
8281 17
8282 18
8283 19
8284 22
8285 16
8286 15
8287 11
8288 14
8289 12
8290 14
8291 19
8292 15
8293 16
8294 15
8295 15
8296 16
8297 11
8298 13
8299 12
8300 23
8301 19
8302 30
8303 15
8304 18
8305 16
8306 28
8307 6
8308 21
8309 15
8310 16
8311 14
8312 10
8313 9
8314 17
8315 20
8316 15
8317 16
8318 14
8319 14
8320 19
8321 20
8322 16
8323 18
8324 15
8325 25
8326 16
8327 11
8328 22
8329 20
8330 21
8331 14
8332 17
8333 14
8334 15
8335 14
8336 18
8337 13
8338 14
8339 14
8340 18
8341 15
8342 16
8343 16
8344 22
8345 19
8346 16
8347 17
8348 17
8349 16
8350 15
8351 20
8352 16
8353 12
8354 23
8355 10
8356 18
8357 3
8358 10
8359 14
8360 21
8361 14
8362 14
8363 15
8364 22
8365 19
8366 18
8367 21
8368 16
8369 14
8370 18
8371 20
8372 16
8373 20
8374 19
8375 11
8376 17
8377 16
8378 16
8379 14
8380 16
8381 11
8382 22
8383 12
8384 20
8385 11
8386 22
8387 9
8388 13
8389 23
8390 19
8391 16
8392 21
8393 15
8394 24
8395 19
8396 17
8397 15
8398 13
8399 17
8400 12
8401 14
8402 11
8403 15
8404 18
8405 17
8406 11
8407 19
8408 8
8409 23
8410 17
8411 21
8412 17
8413 22
8414 22
8415 10
8416 18
8417 19
8418 12
8419 11
8420 17
8421 18
8422 7
8423 10
8424 10
8425 13
8426 17
8427 19
8428 14
8429 20
8430 24
8431 23
8432 16
8433 15
8434 19
8435 21
8436 14
8437 20
8438 28
8439 9
8440 14
8441 18
8442 15
8443 14
8444 12
8445 12
8446 15
8447 24
8448 18
8449 20
8450 22
8451 18
8452 15
8453 17
8454 14
8455 15
8456 15
8457 18
8458 12
8459 19
8460 14
8461 21
8462 14
8463 22
8464 14
8465 17
8466 14
8467 14
8468 13
8469 15
8470 18
8471 17
8472 19
8473 20
8474 17
8475 17
8476 20
8477 14
8478 12
8479 12
8480 21
8481 18
8482 14
8483 18
8484 15
8485 12
8486 18
8487 17
8488 11
8489 13
8490 13
8491 9
8492 14
8493 10
8494 13
8495 20
8496 7
8497 13
8498 19
8499 14
8500 11
8501 15
8502 12
8503 16
8504 14
8505 22
8506 18
8507 14
8508 10
8509 17
8510 23
8511 26
8512 15
8513 13
8514 20
8515 17
8516 13
8517 14
8518 14
8519 24
8520 21
8521 16
8522 12
8523 18
8524 13
8525 11
8526 15
8527 13
8528 19
8529 25
8530 12
8531 17
8532 22
8533 15
8534 14
8535 15
8536 10
8537 11
8538 16
8539 17
8540 18
8541 15
8542 14
8543 15
8544 11
8545 10
8546 14
8547 12
8548 14
8549 9
8550 11
8551 22
8552 11
8553 14
8554 18
8555 9
8556 14
8557 14
8558 11
8559 25
8560 10
8561 18
8562 11
8563 9
8564 12
8565 12
8566 13
8567 20
8568 21
8569 14
8570 13
8571 14
8572 21
8573 16
8574 13
8575 20
8576 20
8577 13
8578 19
8579 11
8580 11
8581 15
8582 18
8583 19
8584 20
8585 13
8586 14
8587 12
8588 14
8589 15
8590 10
8591 18
8592 16
8593 18
8594 16
8595 12
8596 16
8597 15
8598 18
8599 15
8600 16
8601 11
8602 15
8603 10
8604 16
8605 14
8606 22
8607 19
8608 16
8609 14
8610 16
8611 20
8612 8
8613 17
8614 15
8615 16
8616 17
8617 20
8618 15
8619 13
8620 15
8621 19
8622 19
8623 16
8624 13
8625 13
8626 12
8627 18
8628 16
8629 20
8630 18
8631 16
8632 7
8633 22
8634 16
8635 19
8636 13
8637 22
8638 10
8639 17
8640 15
8641 16
8642 10
8643 17
8644 10
8645 18
8646 16
8647 10
8648 21
8649 12
8650 16
8651 17
8652 11
8653 10
8654 9
8655 22
8656 13
8657 19
8658 21
8659 12
8660 14
8661 20
8662 18
8663 17
8664 16
8665 15
8666 15
8667 14
8668 21
8669 18
8670 17
8671 13
8672 17
8673 13
8674 12
8675 19
8676 22
8677 14
8678 13
8679 13
8680 14
8681 19
8682 10
8683 13
8684 17
8685 11
8686 17
8687 24
8688 11
8689 11
8690 16
8691 13
8692 16
8693 8
8694 16
8695 15
8696 16
8697 19
8698 14
8699 18
8700 11
8701 16
8702 10
8703 17
8704 15
8705 18
8706 13
8707 14
8708 10
8709 11
8710 13
8711 20
8712 24
8713 10
8714 15
8715 15
8716 15
8717 18
8718 12
8719 13
8720 11
8721 21
8722 15
8723 16
8724 23
8725 22
8726 14
8727 19
8728 12
8729 16
8730 13
8731 17
8732 21
8733 7
8734 12
8735 15
8736 17
8737 20
8738 16
8739 11
8740 15
8741 24
8742 16
8743 15
8744 15
8745 13
8746 16
8747 21
8748 14
8749 8
8750 17
8751 16
8752 14
8753 15
8754 17
8755 14
8756 18
8757 15
8758 18
8759 15
8760 13
8761 24
8762 21
8763 16
8764 14
8765 12
8766 17
8767 17
8768 17
8769 12
8770 17
8771 12
8772 10
8773 23
8774 15
8775 15
8776 14
8777 17
8778 20
8779 12
8780 22
8781 14
8782 19
8783 10
8784 21
8785 12
8786 14
8787 13
8788 24
8789 15
8790 17
8791 16
8792 8
8793 22
8794 15
8795 19
8796 25
8797 17
8798 11
8799 15
8800 9
8801 18
8802 16
8803 16
8804 24
8805 24
8806 12
8807 11
8808 9
8809 14
8810 11
8811 18
8812 16
8813 10
8814 16
8815 14
8816 22
8817 8
8818 13
8819 18
8820 14
8821 22
8822 11
8823 15
8824 15
8825 16
8826 16
8827 9
8828 14
8829 6
8830 14
8831 13
8832 15
8833 14
8834 12
8835 14
8836 18
8837 15
8838 17
8839 13
8840 17
8841 16
8842 13
8843 17
8844 12
8845 14
8846 13
8847 16
8848 17
8849 11
8850 12
8851 20
8852 12
8853 15
8854 14
8855 19
8856 16
8857 17
8858 9
8859 15
8860 18
8861 14
8862 13
8863 10
8864 15
8865 9
8866 17
8867 23
8868 13
8869 20
8870 13
8871 8
8872 21
8873 14
8874 20
8875 18
8876 17
8877 24
8878 17
8879 12
8880 10
8881 16
8882 16
8883 12
8884 18
8885 11
8886 13
8887 14
8888 8
8889 12
8890 17
8891 13
8892 17
8893 12
8894 20
8895 12
8896 20
8897 19
8898 11
8899 9
8900 14
8901 25
8902 14
8903 17
8904 13
8905 12
8906 12
8907 14
8908 24
8909 10
8910 10
8911 15
8912 9
8913 13
8914 20
8915 13
8916 13
8917 17
8918 14
8919 18
8920 16
8921 19
8922 18
8923 16
8924 25
8925 18
8926 14
8927 16
8928 10
8929 14
8930 23
8931 8
8932 13
8933 18
8934 25
8935 23
8936 12
8937 12
8938 9
8939 15
8940 19
8941 13
8942 14
8943 15
8944 13
8945 21
8946 11
8947 11
8948 10
8949 11
8950 16
8951 16
8952 9
8953 18
8954 19
8955 13
8956 12
8957 12
8958 17
8959 15
8960 19
8961 19
8962 18
8963 21
8964 19
8965 15
8966 17
8967 14
8968 12
8969 17
8970 14
8971 14
8972 10
8973 11
8974 12
8975 11
8976 14
8977 11
8978 14
8979 20
8980 9
8981 19
8982 13
8983 17
8984 11
8985 13
8986 20
8987 13
8988 14
8989 13
8990 21
8991 17
8992 9
8993 19
8994 17
8995 13
8996 14
8997 15
8998 14
8999 18
9000 21
9001 10
9002 18
9003 27
9004 20
9005 16
9006 14
9007 10
9008 24
9009 12
9010 13
9011 14
9012 11
9013 11
9014 19
9015 18
9016 15
9017 16
9018 12
9019 15
9020 11
9021 12
9022 13
9023 10
9024 22
9025 13
9026 15
9027 13
9028 19
9029 10
9030 15
9031 9
9032 15
9033 6
9034 18
9035 19
9036 11
9037 13
9038 14
9039 16
9040 15
9041 17
9042 16
9043 25
9044 9
9045 13
9046 11
9047 11
9048 24
9049 16
9050 13
9051 12
9052 18
9053 15
9054 14
9055 15
9056 17
9057 14
9058 12
9059 14
9060 14
9061 13
9062 16
9063 12
9064 17
9065 26
9066 22
9067 18
9068 12
9069 14
9070 15
9071 24
9072 17
9073 16
9074 14
9075 12
9076 19
9077 15
9078 17
9079 11
9080 14
9081 11
9082 12
9083 9
9084 23
9085 9
9086 14
9087 17
9088 8
9089 15
9090 16
9091 7
9092 13
9093 8
9094 4
9095 14
9096 20
9097 17
9098 12
9099 11
9100 7
9101 11
9102 12
9103 6
9104 10
9105 17
9106 11
9107 16
9108 15
9109 11
9110 14
9111 13
9112 16
9113 10
9114 8
9115 17
9116 10
9117 14
9118 11
9119 9
9120 18
9121 16
9122 16
9123 15
9124 11
9125 18
9126 17
9127 8
9128 17
9129 11
9130 7
9131 16
9132 11
9133 12
9134 9
9135 13
9136 13
9137 10
9138 7
9139 13
9140 9
9141 19
9142 21
9143 14
9144 15
9145 18
9146 26
9147 13
9148 19
9149 12
9150 14
9151 18
9152 9
9153 23
9154 16
9155 15
9156 22
9157 12
9158 14
9159 15
9160 11
9161 10
9162 15
9163 11
9164 18
9165 16
9166 20
9167 16
9168 13
9169 20
9170 13
9171 10
9172 10
9173 19
9174 16
9175 18
9176 15
9177 17
9178 14
9179 12
9180 18
9181 13
9182 15
9183 11
9184 17
9185 13
9186 14
9187 23
9188 9
9189 11
9190 13
9191 9
9192 13
9193 15
9194 14
9195 15
9196 15
9197 11
9198 10
9199 16
9200 11
9201 10
9202 12
9203 13
9204 12
9205 12
9206 12
9207 17
9208 12
9209 34
9210 13
9211 10
9212 14
9213 17
9214 13
9215 18
9216 17
9217 15
9218 12
9219 27
9220 22
9221 15
9222 14
9223 14
9224 13
9225 15
9226 14
9227 23
9228 17
9229 8
9230 21
9231 17
9232 16
9233 13
9234 11
9235 22
9236 27
9237 15
9238 15
9239 17
9240 9
9241 12
9242 23
9243 11
9244 24
9245 13
9246 19
9247 16
9248 19
9249 13
9250 13
9251 14
9252 11
9253 24
9254 16
9255 6
9256 20
9257 15
9258 10
9259 13
9260 16
9261 16
9262 12
9263 13
9264 11
9265 15
9266 19
9267 9
9268 13
9269 14
9270 11
9271 10
9272 14
9273 12
9274 21
9275 9
9276 12
9277 15
9278 16
9279 11
9280 16
9281 7
9282 15
9283 14
9284 13
9285 19
9286 14
9287 14
9288 13
9289 17
9290 14
9291 11
9292 6
9293 17
9294 17
9295 22
9296 11
9297 15
9298 11
9299 14
9300 10
9301 12
9302 14
9303 15
9304 11
9305 14
9306 13
9307 16
9308 18
9309 15
9310 17
9311 13
9312 11
9313 22
9314 18
9315 21
9316 17
9317 14
9318 20
9319 20
9320 10
9321 9
9322 11
9323 19
9324 12
9325 15
9326 14
9327 15
9328 17
9329 22
9330 9
9331 9
9332 7
9333 19
9334 7
9335 14
9336 14
9337 12
9338 15
9339 9
9340 10
9341 16
9342 13
9343 17
9344 12
9345 8
9346 14
9347 12
9348 19
9349 13
9350 10
9351 9
9352 5
9353 14
9354 19
9355 12
9356 14
9357 10
9358 16
9359 11
9360 19
9361 10
9362 12
9363 11
9364 15
9365 14
9366 10
9367 11
9368 14
9369 12
9370 8
9371 15
9372 15
9373 24
9374 9
9375 14
9376 20
9377 14
9378 9
9379 19
9380 9
9381 5
9382 17
9383 12
9384 12
9385 12
9386 14
9387 13
9388 12
9389 15
9390 19
9391 19
9392 12
9393 14
9394 14
9395 20
9396 14
9397 15
9398 18
9399 12
9400 10
9401 12
9402 15
9403 10
9404 16
9405 9
9406 18
9407 13
9408 13
9409 7
9410 18
9411 20
9412 15
9413 15
9414 11
9415 15
9416 6
9417 13
9418 15
9419 7
9420 10
9421 15
9422 13
9423 15
9424 11
9425 8
9426 16
9427 16
9428 14
9429 14
9430 19
9431 11
9432 12
9433 17
9434 12
9435 9
9436 8
9437 14
9438 10
9439 22
9440 10
9441 9
9442 15
9443 12
9444 16
9445 12
9446 15
9447 16
9448 11
9449 15
9450 13
9451 17
9452 17
9453 12
9454 6
9455 11
9456 13
9457 17
9458 18
9459 12
9460 10
9461 14
9462 22
9463 13
9464 9
9465 17
9466 10
9467 11
9468 9
9469 13
9470 23
9471 12
9472 10
9473 18
9474 15
9475 14
9476 13
9477 11
9478 6
9479 15
9480 12
9481 11
9482 8
9483 15
9484 13
9485 13
9486 18
9487 15
9488 10
9489 11
9490 10
9491 15
9492 11
9493 17
9494 14
9495 13
9496 23
9497 10
9498 20
9499 12
9500 15
9501 19
9502 8
9503 17
9504 6
9505 13
9506 18
9507 11
9508 14
9509 23
9510 19
9511 7
9512 14
9513 18
9514 16
9515 15
9516 15
9517 8
9518 11
9519 15
9520 14
9521 12
9522 14
9523 16
9524 14
9525 14
9526 7
9527 6
9528 13
9529 18
9530 11
9531 11
9532 13
9533 16
9534 8
9535 11
9536 15
9537 13
9538 11
9539 17
9540 16
9541 13
9542 17
9543 9
9544 18
9545 23
9546 18
9547 13
9548 13
9549 13
9550 11
9551 15
9552 15
9553 17
9554 15
9555 11
9556 17
9557 14
9558 20
9559 9
9560 8
9561 15
9562 10
9563 18
9564 12
9565 21
9566 8
9567 13
9568 16
9569 17
9570 14
9571 16
9572 15
9573 12
9574 9
9575 13
9576 15
9577 22
9578 21
9579 16
9580 11
9581 17
9582 14
9583 17
9584 7
9585 18
9586 8
9587 9
9588 18
9589 11
9590 16
9591 17
9592 9
9593 12
9594 17
9595 16
9596 9
9597 19
9598 15
9599 8
9600 12
9601 12
9602 10
9603 12
9604 8
9605 24
9606 5
9607 19
9608 15
9609 13
9610 19
9611 12
9612 21
9613 20
9614 14
9615 11
9616 14
9617 13
9618 15
9619 10
9620 8
9621 14
9622 17
9623 16
9624 17
9625 15
9626 14
9627 15
9628 10
9629 12
9630 12
9631 11
9632 14
9633 11
9634 8
9635 11
9636 13
9637 12
9638 17
9639 10
9640 20
9641 8
9642 19
9643 13
9644 8
9645 8
9646 13
9647 14
9648 15
9649 13
9650 11
9651 16
9652 13
9653 10
9654 12
9655 8
9656 15
9657 14
9658 10
9659 9
9660 13
9661 12
9662 13
9663 11
9664 8
9665 16
9666 9
9667 19
9668 9
9669 13
9670 10
9671 17
9672 15
9673 16
9674 10
9675 13
9676 15
9677 11
9678 9
9679 16
9680 17
9681 11
9682 19
9683 9
9684 12
9685 19
9686 11
9687 11
9688 9
9689 13
9690 8
9691 10
9692 12
9693 10
9694 14
9695 15
9696 13
9697 12
9698 13
9699 16
9700 16
9701 9
9702 9
9703 10
9704 12
9705 8
9706 18
9707 15
9708 13
9709 14
9710 16
9711 20
9712 18
9713 10
9714 9
9715 19
9716 23
9717 13
9718 16
9719 13
9720 8
9721 14
9722 19
9723 19
9724 9
9725 13
9726 14
9727 11
9728 17
9729 11
9730 12
9731 8
9732 16
9733 14
9734 12
9735 21
9736 14
9737 20
9738 14
9739 20
9740 10
9741 15
9742 14
9743 10
9744 11
9745 10
9746 17
9747 19
9748 11
9749 18
9750 10
9751 20
9752 15
9753 15
9754 13
9755 9
9756 10
9757 11
9758 13
9759 8
9760 9
9761 14
9762 10
9763 10
9764 13
9765 18
9766 14
9767 6
9768 10
9769 12
9770 6
9771 18
9772 13
9773 11
9774 13
9775 11
9776 16
9777 13
9778 7
9779 12
9780 16
9781 10
9782 13
9783 11
9784 19
9785 15
9786 14
9787 7
9788 7
9789 12
9790 11
9791 17
9792 14
9793 20
9794 15
9795 18
9796 13
9797 7
9798 24
9799 9
9800 14
9801 18
9802 15
9803 10
9804 13
9805 12
9806 14
9807 19
9808 8
9809 12
9810 20
9811 10
9812 9
9813 9
9814 20
9815 12
9816 14
9817 13
9818 15
9819 11
9820 15
9821 9
9822 18
9823 16
9824 5
9825 9
9826 16
9827 15
9828 12
9829 14
9830 14
9831 15
9832 11
9833 17
9834 11
9835 17
9836 14
9837 10
9838 9
9839 17
9840 12
9841 12
9842 13
9843 10
9844 14
9845 17
9846 18
9847 11
9848 13
9849 14
9850 9
9851 15
9852 10
9853 9
9854 16
9855 11
9856 11
9857 6
9858 16
9859 12
9860 14
9861 11
9862 12
9863 10
9864 15
9865 11
9866 11
9867 11
9868 11
9869 15
9870 4
9871 8
9872 10
9873 14
9874 17
9875 17
9876 12
9877 9
9878 10
9879 16
9880 13
9881 12
9882 11
9883 8
9884 10
9885 15
9886 16
9887 13
9888 15
9889 16
9890 17
9891 8
9892 15
9893 8
9894 12
9895 11
9896 16
9897 7
9898 15
9899 8
9900 6
9901 14
9902 7
9903 14
9904 14
9905 13
9906 13
9907 16
9908 18
9909 12
9910 16
9911 10
9912 11
9913 12
9914 10
9915 13
9916 11
9917 17
9918 10
9919 11
9920 16
9921 10
9922 8
9923 15
9924 6
9925 14
9926 6
9927 17
9928 13
9929 9
9930 10
9931 9
9932 14
9933 14
9934 13
9935 10
9936 14
9937 13
9938 22
9939 17
9940 9
9941 12
9942 7
9943 9
9944 12
9945 10
9946 14
9947 5
9948 12
9949 9
9950 6
9951 17
9952 14
9953 7
9954 11
9955 19
9956 9
9957 10
9958 12
9959 13
9960 7
9961 14
9962 14
9963 14
9964 17
9965 11
9966 11
9967 10
9968 7
9969 15
9970 13
9971 12
9972 10
9973 11
9974 8
9975 7
9976 10
9977 12
9978 7
9979 11
9980 16
9981 17
9982 17
9983 25
9984 15
9985 12
9986 9
9987 18
9988 7
9989 7
9990 21
9991 14
9992 12
9993 15
9994 9
9995 11
9996 12
9997 7
9998 7
9999 125142
