0 1047
1 1015
2 977
3 1031
4 983
5 983
6 984
7 973
8 1018
9 1013
10 1034
11 1012
12 995
13 1019
14 979
15 993
16 991
17 970
18 1030
19 983
20 961
21 1052
22 1012
23 1008
24 1017
25 944
26 1006
27 970
28 976
29 1009
30 1000
31 986
32 963
33 978
34 967
35 1036
36 1001
37 1073
38 1005
39 965
40 940
41 918
42 932
43 986
44 1021
45 995
46 959
47 987
48 1028
49 1022
50 990
51 992
52 973
53 924
54 958
55 900
56 963
57 991
58 1006
59 922
60 964
61 1063
62 981
63 988
64 987
65 986
66 948
67 1020
68 963
69 983
70 996
71 1007
72 955
73 951
74 987
75 949
76 971
77 1042
78 965
79 999
80 968
81 953
82 982
83 993
84 985
85 936
86 903
87 1026
88 1008
89 1019
90 971
91 974
92 938
93 945
94 1036
95 1034
96 952
97 907
98 983
99 971
100 973
101 978
102 940
103 933
104 1003
105 996
106 988
107 955
108 947
109 996
110 1016
111 989
112 939
113 986
114 928
115 976
116 960
117 952
118 930
119 946
120 983
121 963
122 980
123 967
124 993
125 1013
126 991
127 907
128 948
129 932
130 982
131 965
132 980
133 916
134 1023
135 988
136 963
137 986
138 974
139 966
140 906
141 969
142 964
143 959
144 969
145 931
146 993
147 967
148 930
149 973
150 954
151 937
152 984
153 1072
154 932
155 965
156 967
157 905
158 911
159 959
160 945
161 964
162 973
163 939
164 939
165 958
166 931
167 953
168 1022
169 985
170 939
171 933
172 926
173 970
174 917
175 928
176 925
177 937
178 966
179 983
180 977
181 961
182 977
183 968
184 950
185 963
186 968
187 990
188 959
189 932
190 907
191 938
192 953
193 978
194 926
195 970
196 955
197 910
198 915
199 943
200 952
201 954
202 926
203 947
204 909
205 890
206 965
207 953
208 936
209 945
210 975
211 944
212 949
213 944
214 902
215 862
216 901
217 918
218 910
219 955
220 975
221 950
222 951
223 932
224 910
225 922
226 907
227 945
228 954
229 946
230 909
231 961
232 963
233 926
234 964
235 994
236 958
237 929
238 1019
239 953
240 935
241 946
242 926
243 880
244 947
245 920
246 869
247 887
248 939
249 904
250 965
251 956
252 913
253 932
254 917
255 911
256 915
257 947
258 918
259 941
260 942
261 917
262 939
263 891
264 969
265 926
266 944
267 862
268 900
269 968
270 987
271 938
272 903
273 948
274 928
275 909
276 949
277 856
278 982
279 819
280 918
281 902
282 924
283 930
284 902
285 931
286 969
287 919
288 937
289 933
290 938
291 870
292 863
293 962
294 911
295 899
296 951
297 1002
298 893
299 917
300 842
301 898
302 936
303 863
304 944
305 891
306 869
307 919
308 847
309 908
310 940
311 885
312 841
313 919
314 894
315 935
316 884
317 941
318 882
319 945
320 926
321 853
322 894
323 900
324 955
325 934
326 897
327 933
328 913
329 933
330 880
331 835
332 896
333 943
334 907
335 923
336 983
337 928
338 899
339 894
340 929
341 880
342 916
343 875
344 915
345 910
346 931
347 894
348 864
349 878
350 900
351 904
352 876
353 925
354 849
355 963
356 908
357 940
358 928
359 887
360 934
361 928
362 903
363 862
364 855
365 908
366 916
367 1006
368 893
369 906
370 920
371 956
372 904
373 863
374 883
375 900
376 906
377 893
378 797
379 856
380 885
381 927
382 941
383 930
384 871
385 942
386 910
387 930
388 918
389 864
390 871
391 883
392 864
393 909
394 835
395 872
396 891
397 874
398 900
399 899
400 867
401 918
402 873
403 883
404 864
405 874
406 880
407 878
408 910
409 927
410 921
411 920
412 864
413 871
414 935
415 875
416 916
417 852
418 848
419 900
420 887
421 915
422 867
423 899
424 902
425 903
426 850
427 832
428 818
429 871
430 844
431 920
432 850
433 934
434 852
435 869
436 886
437 908
438 859
439 883
440 845
441 877
442 915
443 952
444 796
445 886
446 894
447 873
448 891
449 900
450 857
451 924
452 837
453 867
454 823
455 870
456 822
457 855
458 901
459 860
460 867
461 846
462 884
463 836
464 874
465 872
466 893
467 826
468 867
469 863
470 868
471 802
472 886
473 876
474 881
475 882
476 868
477 874
478 848
479 938
480 960
481 883
482 847
483 816
484 885
485 823
486 878
487 814
488 869
489 864
490 899
491 866
492 878
493 860
494 887
495 891
496 867
497 831
498 845
499 822
500 907
501 898
502 882
503 880
504 832
505 869
506 811
507 836
508 930
509 851
510 887
511 836
512 880
513 908
514 840
515 876
516 899
517 873
518 855
519 847
520 867
521 862
522 772
523 861
524 862
525 875
526 917
527 881
528 830
529 876
530 832
531 877
532 867
533 862
534 803
535 898
536 898
537 895
538 819
539 824
540 899
541 816
542 886
543 813
544 853
545 851
546 866
547 841
548 856
549 848
550 866
551 854
552 808
553 854
554 847
555 827
556 878
557 872
558 802
559 838
560 837
561 893
562 873
563 846
564 820
565 853
566 889
567 850
568 811
569 863
570 910
571 831
572 879
573 878
574 874
575 850
576 821
577 840
578 831
579 838
580 860
581 857
582 824
583 881
584 846
585 824
586 780
587 860
588 856
589 847
590 886
591 827
592 805
593 840
594 847
595 839
596 821
597 839
598 821
599 868
600 852
601 870
602 824
603 834
604 819
605 867
606 826
607 818
608 790
609 818
610 795
611 822
612 823
613 827
614 838
615 876
616 867
617 808
618 856
619 875
620 846
621 779
622 860
623 815
624 881
625 820
626 826
627 873
628 846
629 899
630 829
631 813
632 827
633 793
634 825
635 834
636 802
637 783
638 794
639 836
640 844
641 878
642 819
643 853
644 793
645 807
646 789
647 838
648 783
649 805
650 804
651 773
652 809
653 837
654 825
655 845
656 822
657 863
658 841
659 823
660 840
661 823
662 808
663 810
664 826
665 837
666 853
667 848
668 795
669 816
670 861
671 811
672 821
673 808
674 796
675 840
676 853
677 812
678 814
679 811
680 834
681 831
682 852
683 845
684 789
685 853
686 838
687 833
688 787
689 806
690 813
691 835
692 785
693 845
694 815
695 831
696 810
697 807
698 796
699 780
700 858
701 807
702 816
703 812
704 834
705 832
706 883
707 814
708 806
709 799
710 829
711 868
712 786
713 808
714 821
715 867
716 814
717 814
718 833
719 856
720 774
721 796
722 774
723 864
724 855
725 816
726 875
727 775
728 821
729 831
730 888
731 822
732 823
733 840
734 824
735 821
736 766
737 780
738 783
739 839
740 817
741 757
742 820
743 848
744 831
745 822
746 819
747 781
748 797
749 833
750 756
751 773
752 840
753 834
754 749
755 838
756 808
757 781
758 782
759 761
760 818
761 834
762 811
763 780
764 791
765 795
766 813
767 802
768 808
769 809
770 844
771 810
772 791
773 840
774 813
775 806
776 810
777 805
778 826
779 756
780 821
781 769
782 796
783 770
784 799
785 754
786 765
787 799
788 812
789 807
790 739
791 808
792 812
793 782
794 778
795 824
796 778
797 807
798 807
799 797
800 781
801 838
802 727
803 817
804 783
805 784
806 841
807 820
808 773
809 797
810 807
811 807
812 801
813 839
814 858
815 769
816 791
817 793
818 813
819 798
820 782
821 774
822 768
823 742
824 800
825 761
826 790
827 816
828 776
829 823
830 783
831 831
832 830
833 758
834 746
835 775
836 810
837 781
838 788
839 783
840 747
841 729
842 792
843 777
844 751
845 758
846 727
847 813
848 756
849 792
850 797
851 801
852 738
853 762
854 802
855 753
856 767
857 773
858 775
859 817
860 800
861 779
862 783
863 808
864 789
865 805
866 818
867 770
868 809
869 743
870 800
871 790
872 758
873 808
874 819
875 764
876 804
877 807
878 774
879 701
880 778
881 804
882 750
883 738
884 821
885 758
886 767
887 830
888 799
889 792
890 771
891 771
892 789
893 759
894 783
895 746
896 768
897 770
898 777
899 829
900 755
901 767
902 752
903 728
904 766
905 766
906 715
907 765
908 788
909 756
910 820
911 743
912 746
913 756
914 756
915 834
916 834
917 830
918 774
919 781
920 756
921 758
922 752
923 767
924 776
925 791
926 780
927 798
928 796
929 760
930 747
931 799
932 775
933 772
934 756
935 785
936 754
937 773
938 747
939 739
940 775
941 751
942 762
943 757
944 803
945 777
946 715
947 784
948 712
949 736
950 768
951 749
952 793
953 734
954 774
955 773
956 764
957 798
958 746
959 783
960 765
961 752
962 773
963 725
964 756
965 743
966 773
967 746
968 740
969 743
970 717
971 768
972 780
973 750
974 794
975 743
976 738
977 798
978 795
979 735
980 720
981 769
982 748
983 723
984 755
985 719
986 778
987 728
988 703
989 763
990 737
991 815
992 734
993 754
994 786
995 771
996 735
997 781
998 749
999 784
1000 773
1001 754
1002 764
1003 737
1004 736
1005 731
1006 749
1007 714
1008 762
1009 735
1010 762
1011 761
1012 723
1013 753
1014 761
1015 762
1016 737
1017 704
1018 752
1019 766
1020 758
1021 782
1022 723
1023 764
1024 723
1025 733
1026 702
1027 719
1028 738
1029 715
1030 787
1031 742
1032 736
1033 733
1034 694
1035 768
1036 721
1037 753
1038 744
1039 733
1040 739
1041 714
1042 735
1043 753
1044 762
1045 720
1046 748
1047 721
1048 725
1049 728
1050 726
1051 734
1052 741
1053 761
1054 702
1055 699
1056 689
1057 698
1058 781
1059 720
1060 783
1061 714
1062 729
1063 667
1064 788
1065 684
1066 756
1067 706
1068 752
1069 737
1070 753
1071 746
1072 766
1073 777
1074 678
1075 736
1076 781
1077 741
1078 691
1079 691
1080 759
1081 731
1082 712
1083 696
1084 721
1085 719
1086 712
1087 752
1088 721
1089 706
1090 702
1091 704
1092 752
1093 722
1094 785
1095 736
1096 751
1097 741
1098 743
1099 733
1100 735
1101 739
1102 742
1103 762
1104 729
1105 769
1106 724
1107 720
1108 746
1109 694
1110 737
1111 751
1112 738
1113 725
1114 684
1115 712
1116 762
1117 707
1118 756
1119 725
1120 690
1121 740
1122 745
1123 711
1124 739
1125 737
1126 717
1127 694
1128 747
1129 740
1130 741
1131 739
1132 749
1133 708
1134 757
1135 739
1136 741
1137 761
1138 733
1139 727
1140 741
1141 718
1142 717
1143 733
1144 702
1145 755
1146 756
1147 656
1148 751
1149 704
1150 692
1151 724
1152 693
1153 769
1154 706
1155 751
1156 671
1157 721
1158 663
1159 679
1160 676
1161 657
1162 751
1163 734
1164 755
1165 744
1166 740
1167 700
1168 717
1169 709
1170 720
1171 702
1172 754
1173 723
1174 757
1175 754
1176 736
1177 711
1178 727
1179 722
1180 701
1181 716
1182 709
1183 669
1184 662
1185 719
1186 738
1187 704
1188 708
1189 718
1190 750
1191 746
1192 661
1193 665
1194 737
1195 743
1196 746
1197 654
1198 688
1199 787
1200 750
1201 725
1202 687
1203 659
1204 707
1205 742
1206 714
1207 705
1208 718
1209 711
1210 700
1211 669
1212 751
1213 680
1214 715
1215 709
1216 713
1217 677
1218 679
1219 732
1220 733
1221 677
1222 737
1223 702
1224 692
1225 687
1226 716
1227 674
1228 703
1229 668
1230 718
1231 702
1232 698
1233 721
1234 687
1235 672
1236 746
1237 708
1238 687
1239 698
1240 697
1241 709
1242 721
1243 730
1244 664
1245 682
1246 774
1247 759
1248 716
1249 689
1250 702
1251 683
1252 703
1253 721
1254 739
1255 724
1256 707
1257 691
1258 699
1259 731
1260 760
1261 729
1262 675
1263 681
1264 676
1265 668
1266 715
1267 706
1268 703
1269 721
1270 699
1271 682
1272 666
1273 674
1274 676
1275 662
1276 673
1277 701
1278 707
1279 667
1280 665
1281 727
1282 742
1283 694
1284 680
1285 702
1286 728
1287 672
1288 708
1289 651
1290 701
1291 660
1292 708
1293 708
1294 710
1295 696
1296 658
1297 704
1298 685
1299 732
1300 711
1301 664
1302 674
1303 629
1304 679
1305 720
1306 739
1307 694
1308 713
1309 745
1310 644
1311 674
1312 690
1313 718
1314 717
1315 673
1316 712
1317 724
1318 694
1319 744
1320 679
1321 776
1322 672
1323 723
1324 646
1325 715
1326 692
1327 657
1328 629
1329 679
1330 686
1331 679
1332 692
1333 695
1334 691
1335 698
1336 666
1337 665
1338 675
1339 639
1340 718
1341 677
1342 683
1343 674
1344 749
1345 660
1346 676
1347 724
1348 706
1349 694
1350 663
1351 664
1352 712
1353 680
1354 733
1355 682
1356 685
1357 682
1358 697
1359 653
1360 662
1361 694
1362 674
1363 664
1364 701
1365 653
1366 670
1367 619
1368 680
1369 649
1370 708
1371 701
1372 616
1373 665
1374 641
1375 638
1376 648
1377 662
1378 634
1379 716
1380 658
1381 647
1382 663
1383 681
1384 649
1385 695
1386 674
1387 715
1388 669
1389 712
1390 677
1391 644
1392 706
1393 697
1394 671
1395 635
1396 733
1397 646
1398 648
1399 668
1400 662
1401 630
1402 686
1403 626
1404 685
1405 696
1406 705
1407 687
1408 664
1409 656
1410 659
1411 697
1412 676
1413 716
1414 637
1415 672
1416 689
1417 691
1418 630
1419 692
1420 649
1421 666
1422 635
1423 714
1424 682
1425 653
1426 715
1427 689
1428 669
1429 668
1430 675
1431 716
1432 626
1433 709
1434 669
1435 710
1436 681
1437 640
1438 669
1439 705
1440 706
1441 652
1442 653
1443 658
1444 706
1445 653
1446 694
1447 648
1448 658
1449 672
1450 661
1451 672
1452 678
1453 714
1454 641
1455 661
1456 640
1457 678
1458 669
1459 644
1460 660
1461 658
1462 707
1463 630
1464 674
1465 640
1466 632
1467 679
1468 671
1469 624
1470 680
1471 676
1472 684
1473 698
1474 614
1475 645
1476 683
1477 681
1478 678
1479 671
1480 648
1481 657
1482 655
1483 676
1484 680
1485 658
1486 703
1487 706
1488 690
1489 684
1490 651
1491 674
1492 673
1493 643
1494 634
1495 648
1496 638
1497 613
1498 664
1499 653
1500 671
1501 640
1502 659
1503 653
1504 602
1505 686
1506 634
1507 700
1508 689
1509 640
1510 632
1511 650
1512 661
1513 672
1514 623
1515 657
1516 605
1517 653
1518 710
1519 615
1520 666
1521 660
1522 635
1523 693
1524 661
1525 664
1526 667
1527 702
1528 662
1529 658
1530 682
1531 624
1532 652
1533 650
1534 653
1535 669
1536 665
1537 643
1538 634
1539 627
1540 638
1541 674
1542 654
1543 672
1544 621
1545 640
1546 677
1547 614
1548 623
1549 695
1550 707
1551 592
1552 645
1553 609
1554 675
1555 648
1556 643
1557 669
1558 633
1559 712
1560 654
1561 603
1562 608
1563 665
1564 627
1565 690
1566 692
1567 671
1568 662
1569 649
1570 615
1571 634
1572 643
1573 663
1574 666
1575 653
1576 650
1577 627
1578 635
1579 639
1580 614
1581 655
1582 643
1583 617
1584 675
1585 663
1586 675
1587 616
1588 641
1589 614
1590 657
1591 657
1592 647
1593 638
1594 642
1595 632
1596 631
1597 643
1598 655
1599 665
1600 653
1601 683
1602 622
1603 702
1604 638
1605 626
1606 659
1607 666
1608 643
1609 664
1610 620
1611 657
1612 601
1613 648
1614 630
1615 625
1616 586
1617 606
1618 670
1619 634
1620 677
1621 675
1622 605
1623 696
1624 623
1625 637
1626 638
1627 599
1628 655
1629 639
1630 625
1631 626
1632 619
1633 622
1634 613
1635 654
1636 648
1637 616
1638 631
1639 661
1640 629
1641 619
1642 615
1643 625
1644 621
1645 655
1646 666
1647 628
1648 615
1649 637
1650 641
1651 652
1652 627
1653 610
1654 635
1655 628
1656 645
1657 626
1658 626
1659 620
1660 639
1661 601
1662 667
1663 591
1664 650
1665 596
1666 624
1667 638
1668 617
1669 636
1670 634
1671 616
1672 661
1673 602
1674 653
1675 649
1676 685
1677 625
1678 631
1679 662
1680 656
1681 605
1682 627
1683 684
1684 674
1685 606
1686 607
1687 609
1688 606
1689 642
1690 635
1691 635
1692 603
1693 598
1694 639
1695 634
1696 617
1697 609
1698 648
1699 618
1700 638
1701 656
1702 598
1703 632
1704 567
1705 643
1706 606
1707 630
1708 637
1709 616
1710 563
1711 573
1712 657
1713 635
1714 596
1715 602
1716 635
1717 659
1718 607
1719 610
1720 635
1721 634
1722 613
1723 645
1724 591
1725 596
1726 571
1727 689
1728 687
1729 599
1730 622
1731 677
1732 643
1733 611
1734 616
1735 615
1736 597
1737 664
1738 616
1739 642
1740 613
1741 625
1742 601
1743 594
1744 640
1745 661
1746 616
1747 602
1748 598
1749 652
1750 608
1751 669
1752 581
1753 653
1754 655
1755 576
1756 617
1757 601
1758 605
1759 582
1760 620
1761 602
1762 596
1763 631
1764 606
1765 613
1766 629
1767 634
1768 600
1769 599
1770 598
1771 637
1772 610
1773 580
1774 633
1775 630
1776 626
1777 607
1778 626
1779 585
1780 630
1781 618
1782 591
1783 627
1784 630
1785 611
1786 631
1787 628
1788 631
1789 546
1790 590
1791 569
1792 574
1793 572
1794 639
1795 593
1796 575
1797 578
1798 644
1799 632
1800 610
1801 601
1802 607
1803 595
1804 614
1805 586
1806 606
1807 615
1808 613
1809 582
1810 622
1811 584
1812 579
1813 602
1814 622
1815 615
1816 573
1817 615
1818 592
1819 580
1820 658
1821 608
1822 621
1823 611
1824 621
1825 582
1826 604
1827 620
1828 601
1829 583
1830 626
1831 586
1832 606
1833 604
1834 634
1835 572
1836 606
1837 607
1838 581
1839 592
1840 598
1841 588
1842 625
1843 591
1844 598
1845 599
1846 585
1847 583
1848 600
1849 584
1850 656
1851 581
1852 592
1853 634
1854 625
1855 639
1856 636
1857 617
1858 611
1859 635
1860 636
1861 558
1862 616
1863 595
1864 551
1865 619
1866 575
1867 542
1868 582
1869 580
1870 593
1871 589
1872 598
1873 623
1874 639
1875 600
1876 559
1877 603
1878 582
1879 582
1880 568
1881 624
1882 544
1883 563
1884 583
1885 578
1886 618
1887 645
1888 629
1889 581
1890 599
1891 567
1892 640
1893 585
1894 575
1895 559
1896 552
1897 598
1898 599
1899 601
1900 635
1901 556
1902 579
1903 594
1904 617
1905 591
1906 610
1907 586
1908 632
1909 606
1910 604
1911 620
1912 597
1913 598
1914 610
1915 552
1916 597
1917 551
1918 588
1919 610
1920 604
1921 588
1922 549
1923 603
1924 601
1925 628
1926 570
1927 602
1928 610
1929 614
1930 586
1931 592
1932 585
1933 621
1934 605
1935 584
1936 577
1937 579
1938 590
1939 598
1940 586
1941 586
1942 618
1943 553
1944 611
1945 559
1946 592
1947 573
1948 595
1949 616
1950 581
1951 596
1952 609
1953 557
1954 554
1955 600
1956 574
1957 580
1958 574
1959 572
1960 552
1961 581
1962 568
1963 557
1964 595
1965 619
1966 598
1967 608
1968 573
1969 576
1970 595
1971 589
1972 552
1973 537
1974 577
1975 568
1976 575
1977 581
1978 592
1979 632
1980 578
1981 581
1982 570
1983 570
1984 626
1985 619
1986 585
1987 550
1988 584
1989 593
1990 565
1991 576
1992 545
1993 547
1994 598
1995 584
1996 583
1997 591
1998 585
1999 638
2000 592
2001 557
2002 602
2003 575
2004 597
2005 602
2006 553
2007 552
2008 616
2009 577
2010 597
2011 603
2012 589
2013 566
2014 586
2015 567
2016 582
2017 604
2018 599
2019 612
2020 542
2021 583
2022 598
2023 590
2024 573
2025 579
2026 556
2027 579
2028 533
2029 559
2030 573
2031 579
2032 587
2033 575
2034 570
2035 556
2036 549
2037 595
2038 547
2039 562
2040 541
2041 556
2042 594
2043 548
2044 554
2045 601
2046 553
2047 605
2048 583
2049 534
2050 563
2051 577
2052 551
2053 586
2054 570
2055 593
2056 588
2057 538
2058 555
2059 589
2060 558
2061 553
2062 553
2063 568
2064 615
2065 560
2066 605
2067 564
2068 600
2069 562
2070 578
2071 606
2072 564
2073 549
2074 538
2075 561
2076 526
2077 600
2078 550
2079 528
2080 619
2081 562
2082 562
2083 542
2084 608
2085 583
2086 579
2087 552
2088 541
2089 544
2090 554
2091 559
2092 580
2093 566
2094 558
2095 550
2096 579
2097 583
2098 525
2099 588
2100 567
2101 519
2102 581
2103 563
2104 585
2105 568
2106 591
2107 552
2108 569
2109 566
2110 545
2111 575
2112 527
2113 542
2114 532
2115 551
2116 548
2117 547
2118 537
2119 570
2120 560
2121 556
2122 523
2123 534
2124 543
2125 548
2126 506
2127 533
2128 516
2129 597
2130 554
2131 553
2132 595
2133 552
2134 534
2135 555
2136 585
2137 542
2138 522
2139 548
2140 529
2141 577
2142 559
2143 586
2144 538
2145 576
2146 541
2147 562
2148 561
2149 534
2150 540
2151 562
2152 553
2153 564
2154 547
2155 579
2156 574
2157 543
2158 548
2159 565
2160 542
2161 572
2162 540
2163 561
2164 602
2165 518
2166 568
2167 531
2168 557
2169 536
2170 560
2171 536
2172 565
2173 549
2174 567
2175 543
2176 543
2177 559
2178 546
2179 578
2180 577
2181 568
2182 587
2183 568
2184 537
2185 543
2186 517
2187 574
2188 570
2189 563
2190 517
2191 550
2192 558
2193 557
2194 575
2195 562
2196 571
2197 562
2198 595
2199 527
2200 523
2201 534
2202 531
2203 589
2204 535
2205 573
2206 549
2207 534
2208 556
2209 539
2210 562
2211 607
2212 573
2213 570
2214 583
2215 564
2216 540
2217 592
2218 598
2219 520
2220 542
2221 530
2222 581
2223 599
2224 530
2225 509
2226 560
2227 555
2228 586
2229 542
2230 553
2231 528
2232 561
2233 558
2234 560
2235 513
2236 548
2237 572
2238 577
2239 538
2240 537
2241 567
2242 521
2243 529
2244 548
2245 524
2246 613
2247 532
2248 519
2249 567
2250 549
2251 539
2252 544
2253 550
2254 562
2255 604
2256 592
2257 523
2258 551
2259 525
2260 552
2261 527
2262 517
2263 592
2264 511
2265 569
2266 513
2267 533
2268 568
2269 534
2270 531
2271 537
2272 536
2273 503
2274 536
2275 542
2276 535
2277 521
2278 563
2279 516
2280 551
2281 539
2282 541
2283 536
2284 506
2285 507
2286 565
2287 540
2288 561
2289 544
2290 533
2291 547
2292 558
2293 541
2294 466
2295 535
2296 534
2297 531
2298 542
2299 542
2300 538
2301 520
2302 573
2303 517
2304 551
2305 543
2306 538
2307 527
2308 590
2309 570
2310 524
2311 530
2312 505
2313 513
2314 545
2315 546
2316 542
2317 549
2318 505
2319 544
2320 510
2321 513
2322 514
2323 518
2324 538
2325 585
2326 577
2327 585
2328 547
2329 544
2330 513
2331 492
2332 570
2333 491
2334 505
2335 526
2336 492
2337 530
2338 494
2339 552
2340 549
2341 546
2342 572
2343 530
2344 525
2345 551
2346 575
2347 573
2348 509
2349 533
2350 555
2351 538
2352 539
2353 555
2354 541
2355 497
2356 573
2357 493
2358 525
2359 503
2360 510
2361 550
2362 535
2363 492
2364 475
2365 505
2366 565
2367 520
2368 528
2369 503
2370 510
2371 535
2372 559
2373 523
2374 521
2375 521
2376 533
2377 515
2378 519
2379 560
2380 531
2381 524
2382 535
2383 551
2384 545
2385 526
2386 501
2387 513
2388 517
2389 487
2390 529
2391 528
2392 539
2393 537
2394 538
2395 509
2396 557
2397 535
2398 502
2399 536
2400 544
2401 526
2402 544
2403 524
2404 536
2405 537
2406 516
2407 486
2408 519
2409 513
2410 495
2411 514
2412 526
2413 514
2414 524
2415 531
2416 470
2417 527
2418 510
2419 515
2420 535
2421 509
2422 548
2423 526
2424 523
2425 525
2426 508
2427 587
2428 529
2429 533
2430 509
2431 506
2432 508
2433 506
2434 509
2435 571
2436 514
2437 536
2438 526
2439 500
2440 529
2441 535
2442 504
2443 532
2444 503
2445 547
2446 484
2447 498
2448 503
2449 550
2450 496
2451 534
2452 536
2453 511
2454 498
2455 495
2456 547
2457 511
2458 524
2459 501
2460 496
2461 522
2462 497
2463 534
2464 493
2465 526
2466 529
2467 522
2468 509
2469 557
2470 529
2471 529
2472 499
2473 500
2474 544
2475 533
2476 559
2477 499
2478 491
2479 498
2480 558
2481 529
2482 528
2483 506
2484 491
2485 493
2486 476
2487 521
2488 482
2489 544
2490 497
2491 486
2492 529
2493 515
2494 549
2495 503
2496 478
2497 522
2498 516
2499 495
2500 533
2501 541
2502 534
2503 545
2504 526
2505 487
2506 519
2507 487
2508 548
2509 529
2510 464
2511 534
2512 510
2513 502
2514 492
2515 501
2516 495
2517 480
2518 530
2519 541
2520 476
2521 482
2522 492
2523 518
2524 493
2525 480
2526 495
2527 509
2528 492
2529 488
2530 531
2531 529
2532 503
2533 530
2534 527
2535 491
2536 532
2537 516
2538 483
2539 495
2540 494
2541 503
2542 497
2543 474
2544 503
2545 497
2546 462
2547 530
2548 543
2549 486
2550 534
2551 563
2552 441
2553 482
2554 474
2555 530
2556 505
2557 469
2558 480
2559 522
2560 505
2561 470
2562 503
2563 542
2564 522
2565 497
2566 502
2567 523
2568 490
2569 551
2570 456
2571 484
2572 480
2573 498
2574 486
2575 485
2576 493
2577 521
2578 510
2579 497
2580 486
2581 521
2582 490
2583 508
2584 510
2585 490
2586 502
2587 490
2588 494
2589 478
2590 540
2591 505
2592 521
2593 509
2594 476
2595 541
2596 499
2597 524
2598 473
2599 484
2600 483
2601 517
2602 515
2603 465
2604 515
2605 496
2606 471
2607 502
2608 515
2609 508
2610 492
2611 486
2612 473
2613 469
2614 494
2615 463
2616 487
2617 489
2618 469
2619 483
2620 501
2621 469
2622 514
2623 480
2624 498
2625 495
2626 488
2627 519
2628 504
2629 466
2630 493
2631 502
2632 472
2633 476
2634 527
2635 481
2636 470
2637 480
2638 466
2639 508
2640 464
2641 511
2642 474
2643 487
2644 487
2645 459
2646 461
2647 484
2648 504
2649 495
2650 463
2651 502
2652 516
2653 498
2654 438
2655 511
2656 550
2657 486
2658 487
2659 535
2660 497
2661 505
2662 493
2663 489
2664 464
2665 492
2666 480
2667 463
2668 471
2669 502
2670 503
2671 505
2672 488
2673 505
2674 423
2675 452
2676 508
2677 476
2678 469
2679 480
2680 473
2681 517
2682 517
2683 455
2684 449
2685 466
2686 483
2687 461
2688 473
2689 518
2690 489
2691 489
2692 516
2693 466
2694 448
2695 471
2696 503
2697 503
2698 477
2699 453
2700 493
2701 496
2702 453
2703 495
2704 510
2705 496
2706 519
2707 509
2708 502
2709 490
2710 494
2711 504
2712 494
2713 500
2714 489
2715 486
2716 449
2717 463
2718 457
2719 496
2720 445
2721 494
2722 472
2723 503
2724 470
2725 454
2726 522
2727 459
2728 481
2729 481
2730 480
2731 474
2732 448
2733 502
2734 487
2735 511
2736 459
2737 462
2738 480
2739 483
2740 467
2741 525
2742 490
2743 489
2744 466
2745 473
2746 464
2747 451
2748 502
2749 532
2750 457
2751 455
2752 519
2753 466
2754 472
2755 469
2756 491
2757 488
2758 492
2759 514
2760 500
2761 479
2762 457
2763 473
2764 494
2765 489
2766 494
2767 449
2768 470
2769 493
2770 494
2771 516
2772 472
2773 471
2774 470
2775 463
2776 482
2777 529
2778 481
2779 497
2780 473
2781 453
2782 486
2783 469
2784 488
2785 457
2786 484
2787 468
2788 495
2789 460
2790 496
2791 519
2792 505
2793 444
2794 482
2795 464
2796 498
2797 479
2798 463
2799 426
2800 480
2801 470
2802 488
2803 495
2804 456
2805 478
2806 504
2807 474
2808 471
2809 482
2810 461
2811 454
2812 509
2813 470
2814 476
2815 475
2816 455
2817 493
2818 495
2819 520
2820 461
2821 431
2822 447
2823 451
2824 456
2825 469
2826 469
2827 497
2828 471
2829 500
2830 479
2831 442
2832 464
2833 440
2834 476
2835 477
2836 432
2837 514
2838 462
2839 440
2840 508
2841 473
2842 473
2843 439
2844 450
2845 456
2846 493
2847 451
2848 451
2849 439
2850 473
2851 507
2852 446
2853 503
2854 452
2855 472
2856 469
2857 453
2858 486
2859 482
2860 477
2861 480
2862 506
2863 446
2864 457
2865 479
2866 439
2867 446
2868 505
2869 499
2870 454
2871 490
2872 514
2873 439
2874 467
2875 463
2876 495
2877 486
2878 475
2879 470
2880 494
2881 449
2882 443
2883 453
2884 484
2885 452
2886 439
2887 482
2888 479
2889 463
2890 468
2891 467
2892 447
2893 463
2894 462
2895 465
2896 480
2897 459
2898 478
2899 451
2900 481
2901 473
2902 443
2903 472
2904 467
2905 489
2906 497
2907 450
2908 456
2909 445
2910 478
2911 434
2912 468
2913 460
2914 466
2915 483
2916 485
2917 456
2918 488
2919 467
2920 441
2921 466
2922 444
2923 478
2924 430
2925 444
2926 499
2927 448
2928 455
2929 483
2930 475
2931 452
2932 439
2933 490
2934 469
2935 448
2936 472
2937 427
2938 475
2939 453
2940 449
2941 447
2942 493
2943 469
2944 450
2945 475
2946 452
2947 439
2948 439
2949 451
2950 390
2951 448
2952 462
2953 467
2954 455
2955 443
2956 474
2957 427
2958 495
2959 443
2960 464
2961 460
2962 483
2963 484
2964 474
2965 426
2966 474
2967 462
2968 423
2969 454
2970 471
2971 474
2972 456
2973 445
2974 430
2975 416
2976 470
2977 481
2978 427
2979 473
2980 433
2981 472
2982 439
2983 431
2984 468
2985 461
2986 433
2987 448
2988 433
2989 477
2990 441
2991 422
2992 458
2993 439
2994 435
2995 462
2996 449
2997 484
2998 501
2999 441
3000 467
3001 471
3002 476
3003 475
3004 453
3005 439
3006 430
3007 441
3008 443
3009 436
3010 467
3011 441
3012 450
3013 418
3014 490
3015 443
3016 474
3017 413
3018 469
3019 480
3020 449
3021 431
3022 399
3023 478
3024 404
3025 457
3026 445
3027 458
3028 433
3029 443
3030 477
3031 445
3032 463
3033 465
3034 418
3035 459
3036 430
3037 428
3038 486
3039 477
3040 454
3041 438
3042 441
3043 425
3044 464
3045 438
3046 455
3047 423
3048 484
3049 435
3050 404
3051 478
3052 461
3053 461
3054 449
3055 458
3056 478
3057 430
3058 460
3059 469
3060 442
3061 469
3062 438
3063 471
3064 460
3065 441
3066 414
3067 441
3068 483
3069 469
3070 472
3071 459
3072 455
3073 415
3074 429
3075 436
3076 397
3077 452
3078 460
3079 433
3080 440
3081 461
3082 448
3083 413
3084 475
3085 448
3086 426
3087 447
3088 471
3089 441
3090 438
3091 445
3092 463
3093 434
3094 471
3095 422
3096 434
3097 442
3098 485
3099 427
3100 437
3101 441
3102 440
3103 458
3104 419
3105 455
3106 487
3107 432
3108 427
3109 414
3110 429
3111 426
3112 424
3113 432
3114 405
3115 410
3116 463
3117 432
3118 409
3119 454
3120 432
3121 458
3122 467
3123 466
3124 456
3125 449
3126 413
3127 444
3128 434
3129 463
3130 458
3131 435
3132 457
3133 425
3134 437
3135 421
3136 431
3137 444
3138 408
3139 455
3140 487
3141 423
3142 423
3143 447
3144 450
3145 467
3146 403
3147 448
3148 454
3149 435
3150 439
3151 447
3152 408
3153 434
3154 449
3155 432
3156 453
3157 471
3158 454
3159 398
3160 445
3161 442
3162 420
3163 430
3164 445
3165 423
3166 428
3167 422
3168 426
3169 420
3170 433
3171 453
3172 445
3173 472
3174 442
3175 432
3176 424
3177 415
3178 417
3179 458
3180 455
3181 396
3182 434
3183 430
3184 398
3185 454
3186 442
3187 416
3188 448
3189 442
3190 417
3191 414
3192 445
3193 427
3194 452
3195 481
3196 457
3197 423
3198 450
3199 416
3200 414
3201 427
3202 395
3203 441
3204 438
3205 423
3206 429
3207 458
3208 426
3209 440
3210 411
3211 441
3212 417
3213 427
3214 445
3215 407
3216 438
3217 468
3218 441
3219 435
3220 439
3221 455
3222 416
3223 428
3224 418
3225 434
3226 432
3227 418
3228 397
3229 417
3230 401
3231 388
3232 428
3233 411
3234 405
3235 395
3236 453
3237 394
3238 475
3239 435
3240 429
3241 417
3242 444
3243 424
3244 408
3245 432
3246 416
3247 409
3248 443
3249 456
3250 425
3251 396
3252 463
3253 447
3254 452
3255 419
3256 438
3257 417
3258 451
3259 422
3260 451
3261 465
3262 445
3263 487
3264 435
3265 439
3266 437
3267 422
3268 401
3269 444
3270 430
3271 440
3272 472
3273 385
3274 480
3275 420
3276 419
3277 440
3278 411
3279 457
3280 426
3281 428
3282 444
3283 413
3284 408
3285 430
3286 400
3287 403
3288 441
3289 485
3290 413
3291 402
3292 396
3293 412
3294 421
3295 444
3296 408
3297 427
3298 415
3299 426
3300 438
3301 449
3302 425
3303 409
3304 400
3305 459
3306 407
3307 414
3308 381
3309 412
3310 409
3311 410
3312 454
3313 412
3314 421
3315 389
3316 439
3317 415
3318 413
3319 429
3320 415
3321 429
3322 392
3323 440
3324 435
3325 427
3326 434
3327 425
3328 452
3329 435
3330 427
3331 428
3332 422
3333 424
3334 436
3335 401
3336 457
3337 451
3338 411
3339 423
3340 415
3341 447
3342 445
3343 420
3344 454
3345 444
3346 386
3347 439
3348 425
3349 423
3350 429
3351 417
3352 416
3353 443
3354 423
3355 443
3356 398
3357 375
3358 425
3359 436
3360 456
3361 435
3362 437
3363 417
3364 424
3365 429
3366 443
3367 411
3368 383
3369 413
3370 427
3371 454
3372 416
3373 453
3374 429
3375 453
3376 435
3377 424
3378 430
3379 406
3380 435
3381 404
3382 425
3383 406
3384 409
3385 389
3386 421
3387 423
3388 435
3389 420
3390 422
3391 376
3392 445
3393 432
3394 386
3395 428
3396 436
3397 390
3398 433
3399 410
3400 448
3401 419
3402 447
3403 409
3404 436
3405 432
3406 432
3407 397
3408 443
3409 437
3410 449
3411 433
3412 445
3413 450
3414 385
3415 409
3416 426
3417 423
3418 401
3419 424
3420 388
3421 378
3422 431
3423 423
3424 429
3425 433
3426 414
3427 410
3428 446
3429 392
3430 406
3431 389
3432 420
3433 429
3434 398
3435 427
3436 399
3437 391
3438 410
3439 434
3440 420
3441 420
3442 380
3443 376
3444 412
3445 421
3446 410
3447 396
3448 417
3449 434
3450 408
3451 379
3452 371
3453 407
3454 393
3455 429
3456 406
3457 420
3458 423
3459 422
3460 401
3461 426
3462 428
3463 394
3464 402
3465 420
3466 407
3467 385
3468 417
3469 406
3470 427
3471 427
3472 422
3473 423
3474 398
3475 425
3476 398
3477 417
3478 387
3479 435
3480 412
3481 397
3482 395
3483 395
3484 416
3485 408
3486 416
3487 391
3488 377
3489 407
3490 401
3491 412
3492 417
3493 446
3494 413
3495 403
3496 383
3497 438
3498 411
3499 409
3500 398
3501 400
3502 397
3503 429
3504 407
3505 425
3506 409
3507 414
3508 408
3509 437
3510 386
3511 403
3512 455
3513 403
3514 440
3515 390
3516 380
3517 417
3518 404
3519 416
3520 408
3521 380
3522 459
3523 356
3524 399
3525 413
3526 384
3527 380
3528 407
3529 401
3530 423
3531 380
3532 383
3533 414
3534 405
3535 423
3536 369
3537 422
3538 395
3539 396
3540 431
3541 409
3542 412
3543 385
3544 432
3545 386
3546 416
3547 386
3548 391
3549 402
3550 379
3551 394
3552 414
3553 417
3554 418
3555 409
3556 395
3557 412
3558 407
3559 392
3560 407
3561 399
3562 409
3563 381
3564 406
3565 413
3566 389
3567 387
3568 427
3569 398
3570 385
3571 412
3572 429
3573 385
3574 396
3575 452
3576 382
3577 385
3578 368
3579 388
3580 384
3581 407
3582 396
3583 406
3584 385
3585 396
3586 388
3587 416
3588 418
3589 398
3590 382
3591 441
3592 397
3593 408
3594 407
3595 381
3596 398
3597 442
3598 424
3599 404
3600 383
3601 403
3602 383
3603 382
3604 374
3605 425
3606 379
3607 415
3608 425
3609 398
3610 401
3611 378
3612 412
3613 377
3614 407
3615 399
3616 409
3617 377
3618 387
3619 385
3620 391
3621 373
3622 378
3623 399
3624 375
3625 415
3626 419
3627 434
3628 404
3629 397
3630 415
3631 395
3632 406
3633 388
3634 398
3635 385
3636 392
3637 379
3638 415
3639 417
3640 378
3641 383
3642 424
3643 403
3644 391
3645 369
3646 408
3647 378
3648 396
3649 421
3650 376
3651 411
3652 427
3653 390
3654 378
3655 371
3656 390
3657 414
3658 385
3659 417
3660 388
3661 408
3662 391
3663 389
3664 384
3665 378
3666 419
3667 379
3668 389
3669 401
3670 397
3671 375
3672 394
3673 390
3674 383
3675 404
3676 364
3677 389
3678 391
3679 375
3680 407
3681 403
3682 369
3683 435
3684 384
3685 401
3686 397
3687 396
3688 394
3689 396
3690 407
3691 363
3692 376
3693 383
3694 393
3695 361
3696 377
3697 397
3698 362
3699 400
3700 428
3701 425
3702 341
3703 394
3704 395
3705 400
3706 369
3707 396
3708 374
3709 395
3710 414
3711 410
3712 381
3713 393
3714 372
3715 395
3716 404
3717 362
3718 380
3719 405
3720 367
3721 373
3722 388
3723 389
3724 383
3725 378
3726 379
3727 382
3728 402
3729 386
3730 379
3731 384
3732 371
3733 367
3734 354
3735 411
3736 419
3737 375
3738 382
3739 373
3740 382
3741 376
3742 405
3743 357
3744 340
3745 360
3746 387
3747 407
3748 380
3749 391
3750 382
3751 385
3752 387
3753 393
3754 366
3755 378
3756 394
3757 393
3758 385
3759 381
3760 345
3761 380
3762 375
3763 362
3764 396
3765 367
3766 361
3767 353
3768 405
3769 391
3770 361
3771 406
3772 418
3773 403
3774 371
3775 368
3776 416
3777 420
3778 357
3779 385
3780 388
3781 368
3782 399
3783 349
3784 385
3785 342
3786 368
3787 386
3788 352
3789 378
3790 390
3791 375
3792 365
3793 383
3794 376
3795 366
3796 411
3797 381
3798 389
3799 390
3800 397
3801 379
3802 387
3803 383
3804 390
3805 404
3806 363
3807 405
3808 367
3809 393
3810 376
3811 386
3812 368
3813 373
3814 380
3815 355
3816 376
3817 352
3818 369
3819 387
3820 388
3821 361
3822 390
3823 353
3824 404
3825 371
3826 406
3827 383
3828 382
3829 393
3830 402
3831 387
3832 354
3833 385
3834 374
3835 377
3836 367
3837 365
3838 385
3839 399
3840 388
3841 388
3842 352
3843 394
3844 343
3845 356
3846 408
3847 371
3848 382
3849 341
3850 391
3851 360
3852 360
3853 390
3854 382
3855 399
3856 408
3857 376
3858 370
3859 356
3860 380
3861 366
3862 359
3863 380
3864 402
3865 372
3866 383
3867 416
3868 375
3869 392
3870 410
3871 376
3872 407
3873 363
3874 381
3875 319
3876 356
3877 368
3878 363
3879 398
3880 346
3881 355
3882 377
3883 365
3884 392
3885 352
3886 372
3887 368
3888 414
3889 383
3890 360
3891 371
3892 378
3893 354
3894 370
3895 334
3896 417
3897 394
3898 362
3899 349
3900 380
3901 354
3902 340
3903 349
3904 368
3905 361
3906 357
3907 386
3908 397
3909 374
3910 376
3911 371
3912 327
3913 369
3914 354
3915 372
3916 369
3917 396
3918 337
3919 362
3920 358
3921 399
3922 322
3923 399
3924 377
3925 365
3926 402
3927 349
3928 367
3929 359
3930 339
3931 376
3932 383
3933 362
3934 378
3935 382
3936 381
3937 373
3938 363
3939 375
3940 396
3941 372
3942 382
3943 387
3944 368
3945 385
3946 379
3947 368
3948 372
3949 394
3950 370
3951 354
3952 369
3953 327
3954 338
3955 369
3956 367
3957 333
3958 389
3959 370
3960 390
3961 312
3962 372
3963 371
3964 370
3965 369
3966 361
3967 353
3968 339
3969 356
3970 340
3971 364
3972 341
3973 362
3974 356
3975 366
3976 405
3977 384
3978 324
3979 316
3980 375
3981 367
3982 355
3983 388
3984 340
3985 344
3986 359
3987 355
3988 377
3989 367
3990 381
3991 408
3992 313
3993 346
3994 394
3995 371
3996 351
3997 358
3998 353
3999 370
4000 372
4001 382
4002 368
4003 365
4004 359
4005 367
4006 338
4007 367
4008 331
4009 344
4010 375
4011 380
4012 354
4013 367
4014 391
4015 330
4016 360
4017 373
4018 342
4019 329
4020 368
4021 356
4022 372
4023 331
4024 375
4025 330
4026 382
4027 370
4028 362
4029 368
4030 338
4031 352
4032 375
4033 355
4034 345
4035 365
4036 364
4037 362
4038 393
4039 358
4040 377
4041 382
4042 352
4043 357
4044 362
4045 367
4046 350
4047 357
4048 375
4049 377
4050 389
4051 369
4052 367
4053 360
4054 340
4055 372
4056 377
4057 384
4058 341
4059 344
4060 392
4061 359
4062 345
4063 385
4064 339
4065 333
4066 345
4067 355
4068 365
4069 381
4070 382
4071 365
4072 368
4073 350
4074 342
4075 357
4076 335
4077 344
4078 384
4079 357
4080 376
4081 331
4082 329
4083 366
4084 338
4085 365
4086 354
4087 343
4088 356
4089 364
4090 354
4091 328
4092 351
4093 373
4094 354
4095 343
4096 330
4097 403
4098 354
4099 351
4100 345
4101 347
4102 341
4103 374
4104 367
4105 360
4106 369
4107 363
4108 347
4109 379
4110 345
4111 334
4112 353
4113 346
4114 362
4115 373
4116 375
4117 332
4118 346
4119 343
4120 343
4121 372
4122 368
4123 338
4124 353
4125 349
4126 350
4127 364
4128 368
4129 347
4130 340
4131 345
4132 349
4133 342
4134 381
4135 321
4136 354
4137 355
4138 388
4139 337
4140 361
4141 359
4142 359
4143 348
4144 344
4145 318
4146 347
4147 359
4148 339
4149 361
4150 338
4151 344
4152 366
4153 400
4154 336
4155 374
4156 343
4157 388
4158 354
4159 345
4160 365
4161 358
4162 354
4163 358
4164 342
4165 341
4166 329
4167 320
4168 351
4169 372
4170 306
4171 359
4172 336
4173 330
4174 354
4175 379
4176 368
4177 343
4178 350
4179 351
4180 394
4181 324
4182 333
4183 361
4184 352
4185 383
4186 336
4187 389
4188 332
4189 359
4190 337
4191 368
4192 383
4193 387
4194 322
4195 348
4196 366
4197 371
4198 353
4199 369
4200 374
4201 357
4202 383
4203 370
4204 358
4205 332
4206 335
4207 334
4208 347
4209 349
4210 338
4211 329
4212 316
4213 346
4214 357
4215 340
4216 344
4217 356
4218 375
4219 351
4220 352
4221 339
4222 371
4223 350
4224 374
4225 306
4226 353
4227 323
4228 331
4229 338
4230 384
4231 335
4232 327
4233 340
4234 352
4235 351
4236 340
4237 323
4238 316
4239 313
4240 370
4241 340
4242 347
4243 363
4244 344
4245 354
4246 374
4247 306
4248 306
4249 354
4250 323
4251 363
4252 365
4253 333
4254 351
4255 331
4256 361
4257 349
4258 361
4259 358
4260 330
4261 332
4262 349
4263 347
4264 336
4265 363
4266 323
4267 358
4268 336
4269 370
4270 361
4271 320
4272 319
4273 362
4274 337
4275 349
4276 368
4277 340
4278 354
4279 360
4280 364
4281 341
4282 352
4283 363
4284 340
4285 328
4286 384
4287 321
4288 337
4289 305
4290 376
4291 372
4292 317
4293 319
4294 340
4295 347
4296 363
4297 331
4298 359
4299 304
4300 366
4301 340
4302 340
4303 341
4304 329
4305 358
4306 355
4307 343
4308 343
4309 332
4310 297
4311 370
4312 338
4313 340
4314 356
4315 357
4316 329
4317 319
4318 349
4319 340
4320 344
4321 371
4322 333
4323 352
4324 352
4325 335
4326 326
4327 373
4328 317
4329 328
4330 318
4331 343
4332 319
4333 361
4334 350
4335 322
4336 355
4337 350
4338 352
4339 345
4340 357
4341 368
4342 338
4343 366
4344 341
4345 337
4346 329
4347 337
4348 347
4349 376
4350 336
4351 305
4352 364
4353 332
4354 358
4355 340
4356 323
4357 347
4358 349
4359 318
4360 364
4361 363
4362 339
4363 340
4364 338
4365 306
4366 325
4367 323
4368 342
4369 303
4370 323
4371 351
4372 307
4373 342
4374 345
4375 339
4376 347
4377 330
4378 333
4379 351
4380 316
4381 363
4382 357
4383 372
4384 339
4385 356
4386 308
4387 353
4388 356
4389 338
4390 330
4391 350
4392 311
4393 360
4394 341
4395 301
4396 302
4397 340
4398 345
4399 335
4400 339
4401 327
4402 309
4403 332
4404 353
4405 352
4406 349
4407 341
4408 314
4409 329
4410 334
4411 325
4412 343
4413 335
4414 335
4415 334
4416 352
4417 350
4418 319
4419 340
4420 325
4421 301
4422 318
4423 337
4424 328
4425 357
4426 325
4427 333
4428 338
4429 344
4430 329
4431 327
4432 354
4433 334
4434 329
4435 325
4436 314
4437 302
4438 356
4439 357
4440 375
4441 308
4442 343
4443 308
4444 370
4445 336
4446 359
4447 345
4448 334
4449 318
4450 329
4451 348
4452 347
4453 323
4454 323
4455 343
4456 328
4457 315
4458 368
4459 328
4460 316
4461 318
4462 331
4463 374
4464 328
4465 330
4466 323
4467 317
4468 340
4469 331
4470 346
4471 353
4472 300
4473 353
4474 341
4475 327
4476 373
4477 346
4478 341
4479 311
4480 325
4481 344
4482 331
4483 315
4484 361
4485 319
4486 306
4487 329
4488 326
4489 355
4490 317
4491 339
4492 315
4493 332
4494 312
4495 302
4496 358
4497 333
4498 327
4499 322
4500 317
4501 314
4502 308
4503 333
4504 359
4505 352
4506 325
4507 354
4508 333
4509 319
4510 326
4511 294
4512 305
4513 338
4514 337
4515 318
4516 351
4517 338
4518 325
4519 342
4520 340
4521 333
4522 301
4523 348
4524 349
4525 348
4526 315
4527 319
4528 305
4529 316
4530 320
4531 329
4532 323
4533 323
4534 359
4535 321
4536 307
4537 313
4538 322
4539 333
4540 310
4541 331
4542 341
4543 339
4544 331
4545 336
4546 337
4547 311
4548 339
4549 321
4550 330
4551 289
4552 303
4553 332
4554 340
4555 355
4556 305
4557 329
4558 319
4559 323
4560 344
4561 316
4562 347
4563 312
4564 334
4565 330
4566 337
4567 299
4568 323
4569 311
4570 349
4571 328
4572 284
4573 289
4574 288
4575 310
4576 322
4577 307
4578 330
4579 305
4580 328
4581 278
4582 322
4583 336
4584 339
4585 318
4586 325
4587 304
4588 335
4589 334
4590 368
4591 297
4592 326
4593 353
4594 336
4595 330
4596 298
4597 316
4598 309
4599 307
4600 292
4601 321
4602 345
4603 358
4604 286
4605 329
4606 317
4607 328
4608 288
4609 290
4610 350
4611 321
4612 316
4613 346
4614 335
4615 335
4616 352
4617 310
4618 342
4619 325
4620 353
4621 326
4622 293
4623 299
4624 314
4625 310
4626 329
4627 303
4628 302
4629 342
4630 286
4631 332
4632 309
4633 306
4634 318
4635 316
4636 331
4637 284
4638 325
4639 307
4640 332
4641 310
4642 331
4643 340
4644 288
4645 314
4646 290
4647 322
4648 334
4649 321
4650 346
4651 295
4652 331
4653 329
4654 324
4655 306
4656 307
4657 302
4658 305
4659 328
4660 314
4661 273
4662 321
4663 321
4664 332
4665 362
4666 323
4667 321
4668 299
4669 344
4670 301
4671 292
4672 325
4673 326
4674 332
4675 310
4676 331
4677 328
4678 334
4679 338
4680 301
4681 296
4682 299
4683 323
4684 326
4685 308
4686 344
4687 333
4688 294
4689 323
4690 314
4691 338
4692 329
4693 307
4694 312
4695 306
4696 302
4697 318
4698 305
4699 295
4700 309
4701 278
4702 278
4703 312
4704 294
4705 315
4706 285
4707 296
4708 330
4709 329
4710 328
4711 309
4712 321
4713 318
4714 315
4715 306
4716 289
4717 310
4718 331
4719 306
4720 314
4721 307
4722 310
4723 305
4724 301
4725 332
4726 290
4727 298
4728 345
4729 289
4730 292
4731 315
4732 329
4733 329
4734 312
4735 322
4736 344
4737 315
4738 348
4739 340
4740 347
4741 335
4742 294
4743 304
4744 313
4745 318
4746 316
4747 329
4748 302
4749 304
4750 308
4751 308
4752 310
4753 282
4754 340
4755 309
4756 302
4757 275
4758 283
4759 301
4760 338
4761 299
4762 300
4763 276
4764 320
4765 286
4766 312
4767 309
4768 312
4769 300
4770 294
4771 277
4772 310
4773 339
4774 313
4775 300
4776 310
4777 281
4778 278
4779 313
4780 303
4781 297
4782 315
4783 305
4784 335
4785 316
4786 299
4787 299
4788 309
4789 314
4790 312
4791 352
4792 318
4793 283
4794 325
4795 325
4796 290
4797 321
4798 306
4799 285
4800 321
4801 285
4802 313
4803 311
4804 318
4805 351
4806 307
4807 298
4808 302
4809 306
4810 332
4811 313
4812 285
4813 354
4814 305
4815 309
4816 307
4817 293
4818 343
4819 316
4820 304
4821 295
4822 285
4823 272
4824 320
4825 325
4826 334
4827 319
4828 305
4829 286
4830 322
4831 324
4832 315
4833 292
4834 312
4835 334
4836 287
4837 322
4838 300
4839 285
4840 329
4841 278
4842 326
4843 307
4844 317
4845 322
4846 303
4847 330
4848 274
4849 292
4850 288
4851 298
4852 290
4853 309
4854 304
4855 309
4856 289
4857 300
4858 289
4859 297
4860 307
4861 312
4862 277
4863 308
4864 303
4865 272
4866 306
4867 305
4868 295
4869 302
4870 305
4871 290
4872 312
4873 296
4874 276
4875 282
4876 301
4877 306
4878 287
4879 298
4880 306
4881 280
4882 290
4883 291
4884 306
4885 345
4886 286
4887 317
4888 273
4889 306
4890 323
4891 274
4892 311
4893 303
4894 319
4895 332
4896 335
4897 343
4898 289
4899 347
4900 302
4901 306
4902 293
4903 324
4904 320
4905 310
4906 336
4907 307
4908 289
4909 329
4910 300
4911 309
4912 305
4913 301
4914 333
4915 301
4916 306
4917 283
4918 300
4919 285
4920 307
4921 302
4922 295
4923 306
4924 315
4925 317
4926 284
4927 273
4928 293
4929 301
4930 316
4931 307
4932 284
4933 310
4934 282
4935 280
4936 300
4937 279
4938 307
4939 293
4940 296
4941 326
4942 301
4943 327
4944 325
4945 294
4946 298
4947 315
4948 276
4949 325
4950 260
4951 289
4952 320
4953 329
4954 297
4955 291
4956 278
4957 305
4958 284
4959 304
4960 288
4961 281
4962 341
4963 284
4964 294
4965 312
4966 265
4967 300
4968 272
4969 327
4970 289
4971 299
4972 289
4973 275
4974 302
4975 302
4976 271
4977 313
4978 299
4979 302
4980 307
4981 296
4982 281
4983 291
4984 301
4985 321
4986 331
4987 317
4988 306
4989 287
4990 263
4991 293
4992 311
4993 299
4994 315
4995 276
4996 276
4997 302
4998 297
4999 265
5000 313
5001 284
5002 307
5003 318
5004 269
5005 322
5006 280
5007 270
5008 280
5009 311
5010 297
5011 315
5012 298
5013 288
5014 295
5015 266
5016 300
5017 321
5018 310
5019 312
5020 294
5021 276
5022 323
5023 289
5024 285
5025 303
5026 279
5027 306
5028 316
5029 291
5030 300
5031 286
5032 294
5033 276
5034 300
5035 302
5036 285
5037 305
5038 318
5039 273
5040 317
5041 299
5042 305
5043 301
5044 287
5045 292
5046 280
5047 292
5048 303
5049 292
5050 296
5051 284
5052 285
5053 291
5054 301
5055 266
5056 291
5057 314
5058 284
5059 292
5060 267
5061 267
5062 305
5063 284
5064 278
5065 285
5066 280
5067 294
5068 294
5069 299
5070 313
5071 293
5072 298
5073 310
5074 302
5075 289
5076 304
5077 274
5078 308
5079 277
5080 276
5081 276
5082 274
5083 329
5084 299
5085 263
5086 310
5087 301
5088 296
5089 284
5090 300
5091 296
5092 284
5093 297
5094 308
5095 324
5096 312
5097 339
5098 286
5099 299
5100 294
5101 277
5102 321
5103 292
5104 316
5105 309
5106 274
5107 284
5108 283
5109 327
5110 316
5111 275
5112 285
5113 256
5114 280
5115 287
5116 288
5117 297
5118 278
5119 297
5120 297
5121 261
5122 310
5123 302
5124 312
5125 234
5126 298
5127 309
5128 267
5129 310
5130 282
5131 281
5132 300
5133 295
5134 280
5135 282
5136 302
5137 279
5138 287
5139 317
5140 251
5141 284
5142 295
5143 219
5144 273
5145 297
5146 276
5147 286
5148 310
5149 293
5150 296
5151 278
5152 287
5153 306
5154 292
5155 253
5156 282
5157 324
5158 296
5159 288
5160 281
5161 299
5162 297
5163 260
5164 291
5165 278
5166 296
5167 282
5168 308
5169 269
5170 306
5171 295
5172 282
5173 248
5174 256
5175 252
5176 297
5177 282
5178 290
5179 257
5180 288
5181 308
5182 299
5183 288
5184 309
5185 246
5186 288
5187 261
5188 283
5189 284
5190 267
5191 285
5192 292
5193 283
5194 287
5195 288
5196 296
5197 292
5198 285
5199 275
5200 291
5201 277
5202 291
5203 295
5204 291
5205 271
5206 289
5207 305
5208 285
5209 286
5210 285
5211 277
5212 275
5213 289
5214 315
5215 290
5216 274
5217 296
5218 291
5219 288
5220 268
5221 285
5222 304
5223 272
5224 282
5225 278
5226 291
5227 297
5228 288
5229 280
5230 279
5231 307
5232 293
5233 319
5234 278
5235 268
5236 290
5237 254
5238 272
5239 302
5240 278
5241 278
5242 280
5243 274
5244 252
5245 308
5246 300
5247 285
5248 269
5249 236
5250 293
5251 299
5252 288
5253 279
5254 281
5255 249
5256 254
5257 290
5258 287
5259 274
5260 266
5261 296
5262 270
5263 284
5264 280
5265 296
5266 287
5267 277
5268 286
5269 296
5270 275
5271 301
5272 276
5273 303
5274 287
5275 281
5276 287
5277 290
5278 289
5279 272
5280 275
5281 272
5282 294
5283 307
5284 282
5285 301
5286 255
5287 282
5288 263
5289 295
5290 284
5291 286
5292 281
5293 274
5294 281
5295 305
5296 301
5297 258
5298 291
5299 289
5300 273
5301 285
5302 255
5303 275
5304 272
5305 283
5306 274
5307 283
5308 270
5309 273
5310 302
5311 300
5312 312
5313 254
5314 283
5315 281
5316 281
5317 272
5318 275
5319 274
5320 280
5321 293
5322 263
5323 281
5324 253
5325 278
5326 276
5327 260
5328 240
5329 256
5330 290
5331 286
5332 309
5333 284
5334 299
5335 267
5336 299
5337 287
5338 287
5339 285
5340 298
5341 302
5342 287
5343 289
5344 287
5345 242
5346 264
5347 287
5348 258
5349 257
5350 260
5351 266
5352 280
5353 271
5354 271
5355 253
5356 266
5357 294
5358 273
5359 270
5360 236
5361 277
5362 307
5363 273
5364 270
5365 260
5366 277
5367 289
5368 278
5369 286
5370 265
5371 281
5372 304
5373 328
5374 263
5375 276
5376 270
5377 300
5378 276
5379 275
5380 277
5381 283
5382 257
5383 239
5384 279
5385 276
5386 286
5387 258
5388 262
5389 275
5390 297
5391 262
5392 309
5393 269
5394 304
5395 275
5396 278
5397 291
5398 286
5399 281
5400 268
5401 278
5402 260
5403 272
5404 242
5405 293
5406 270
5407 252
5408 284
5409 263
5410 292
5411 288
5412 290
5413 266
5414 268
5415 287
5416 264
5417 274
5418 275
5419 298
5420 278
5421 279
5422 277
5423 255
5424 251
5425 263
5426 264
5427 286
5428 267
5429 251
5430 269
5431 278
5432 267
5433 260
5434 270
5435 250
5436 266
5437 295
5438 273
5439 258
5440 285
5441 266
5442 256
5443 278
5444 256
5445 266
5446 261
5447 272
5448 264
5449 287
5450 256
5451 265
5452 242
5453 266
5454 271
5455 275
5456 269
5457 275
5458 283
5459 272
5460 265
5461 267
5462 265
5463 266
5464 269
5465 286
5466 274
5467 301
5468 283
5469 270
5470 279
5471 259
5472 278
5473 266
5474 251
5475 244
5476 270
5477 274
5478 280
5479 281
5480 250
5481 287
5482 258
5483 270
5484 264
5485 256
5486 272
5487 250
5488 280
5489 261
5490 241
5491 251
5492 262
5493 240
5494 249
5495 298
5496 262
5497 250
5498 264
5499 258
5500 251
5501 287
5502 270
5503 264
5504 296
5505 282
5506 242
5507 304
5508 246
5509 254
5510 267
5511 287
5512 304
5513 291
5514 284
5515 273
5516 287
5517 264
5518 287
5519 262
5520 253
5521 272
5522 251
5523 253
5524 267
5525 257
5526 278
5527 252
5528 262
5529 273
5530 282
5531 285
5532 299
5533 281
5534 262
5535 286
5536 237
5537 283
5538 265
5539 246
5540 273
5541 285
5542 258
5543 268
5544 293
5545 220
5546 270
5547 267
5548 269
5549 286
5550 293
5551 252
5552 263
5553 267
5554 251
5555 263
5556 250
5557 269
5558 250
5559 278
5560 253
5561 253
5562 300
5563 238
5564 271
5565 288
5566 276
5567 297
5568 265
5569 264
5570 249
5571 270
5572 249
5573 283
5574 282
5575 288
5576 254
5577 270
5578 255
5579 258
5580 256
5581 282
5582 278
5583 251
5584 286
5585 268
5586 263
5587 267
5588 300
5589 283
5590 246
5591 257
5592 267
5593 230
5594 253
5595 292
5596 267
5597 297
5598 271
5599 251
5600 255
5601 264
5602 262
5603 272
5604 251
5605 238
5606 281
5607 253
5608 261
5609 305
5610 268
5611 275
5612 280
5613 247
5614 268
5615 272
5616 281
5617 281
5618 258
5619 266
5620 260
5621 275
5622 288
5623 263
5624 272
5625 269
5626 250
5627 294
5628 275
5629 262
5630 263
5631 285
5632 276
5633 252
5634 267
5635 274
5636 277
5637 265
5638 268
5639 257
5640 239
5641 255
5642 263
5643 256
5644 243
5645 261
5646 249
5647 276
5648 268
5649 232
5650 246
5651 251
5652 269
5653 263
5654 256
5655 257
5656 243
5657 285
5658 257
5659 273
5660 263
5661 266
5662 268
5663 262
5664 260
5665 261
5666 249
5667 264
5668 242
5669 222
5670 288
5671 282
5672 269
5673 270
5674 230
5675 274
5676 272
5677 259
5678 268
5679 250
5680 264
5681 272
5682 268
5683 267
5684 271
5685 243
5686 288
5687 275
5688 278
5689 264
5690 265
5691 251
5692 265
5693 268
5694 295
5695 265
5696 270
5697 261
5698 259
5699 243
5700 245
5701 229
5702 249
5703 242
5704 249
5705 259
5706 281
5707 219
5708 224
5709 260
5710 237
5711 260
5712 272
5713 284
5714 241
5715 273
5716 278
5717 282
5718 275
5719 269
5720 277
5721 251
5722 251
5723 250
5724 251
5725 250
5726 240
5727 250
5728 268
5729 299
5730 248
5731 272
5732 242
5733 247
5734 271
5735 259
5736 252
5737 258
5738 258
5739 255
5740 267
5741 272
5742 242
5743 231
5744 261
5745 280
5746 254
5747 235
5748 246
5749 240
5750 264
5751 272
5752 241
5753 247
5754 261
5755 242
5756 252
5757 262
5758 264
5759 237
5760 248
5761 259
5762 248
5763 276
5764 239
5765 278
5766 254
5767 261
5768 268
5769 283
5770 249
5771 228
5772 266
5773 249
5774 242
5775 268
5776 267
5777 301
5778 255
5779 240
5780 267
5781 248
5782 261
5783 259
5784 258
5785 223
5786 266
5787 256
5788 265
5789 264
5790 276
5791 242
5792 286
5793 241
5794 236
5795 270
5796 264
5797 266
5798 254
5799 276
5800 271
5801 285
5802 252
5803 236
5804 248
5805 267
5806 269
5807 232
5808 259
5809 224
5810 227
5811 253
5812 262
5813 201
5814 249
5815 231
5816 247
5817 250
5818 247
5819 229
5820 274
5821 212
5822 252
5823 270
5824 274
5825 279
5826 255
5827 248
5828 264
5829 239
5830 247
5831 259
5832 253
5833 222
5834 259
5835 234
5836 252
5837 256
5838 270
5839 225
5840 262
5841 264
5842 248
5843 225
5844 227
5845 266
5846 268
5847 258
5848 272
5849 234
5850 246
5851 245
5852 246
5853 257
5854 246
5855 253
5856 243
5857 257
5858 229
5859 240
5860 258
5861 238
5862 242
5863 266
5864 241
5865 269
5866 260
5867 235
5868 256
5869 259
5870 275
5871 241
5872 245
5873 252
5874 241
5875 266
5876 228
5877 246
5878 232
5879 289
5880 251
5881 271
5882 254
5883 240
5884 245
5885 237
5886 252
5887 232
5888 281
5889 256
5890 259
5891 254
5892 234
5893 224
5894 242
5895 260
5896 255
5897 270
5898 265
5899 235
5900 257
5901 278
5902 291
5903 246
5904 251
5905 267
5906 243
5907 238
5908 267
5909 233
5910 246
5911 235
5912 225
5913 245
5914 241
5915 231
5916 241
5917 251
5918 268
5919 240
5920 251
5921 254
5922 261
5923 250
5924 228
5925 239
5926 257
5927 225
5928 244
5929 228
5930 263
5931 233
5932 226
5933 231
5934 243
5935 283
5936 244
5937 254
5938 238
5939 241
5940 217
5941 235
5942 231
5943 228
5944 248
5945 262
5946 215
5947 253
5948 226
5949 237
5950 260
5951 245
5952 233
5953 268
5954 252
5955 287
5956 241
5957 284
5958 222
5959 238
5960 224
5961 228
5962 266
5963 249
5964 247
5965 252
5966 235
5967 237
5968 261
5969 238
5970 249
5971 251
5972 235
5973 234
5974 255
5975 209
5976 247
5977 244
5978 254
5979 239
5980 251
5981 253
5982 265
5983 261
5984 246
5985 260
5986 236
5987 229
5988 219
5989 252
5990 263
5991 217
5992 252
5993 265
5994 233
5995 240
5996 240
5997 256
5998 282
5999 240
6000 232
6001 265
6002 247
6003 239
6004 226
6005 246
6006 240
6007 235
6008 229
6009 240
6010 226
6011 228
6012 246
6013 234
6014 253
6015 241
6016 246
6017 226
6018 245
6019 254
6020 258
6021 249
6022 233
6023 228
6024 252
6025 237
6026 236
6027 280
6028 254
6029 241
6030 234
6031 233
6032 211
6033 257
6034 256
6035 243
6036 252
6037 250
6038 233
6039 249
6040 231
6041 230
6042 234
6043 230
6044 238
6045 245
6046 219
6047 245
6048 224
6049 227
6050 237
6051 221
6052 247
6053 225
6054 272
6055 262
6056 235
6057 241
6058 227
6059 242
6060 254
6061 231
6062 228
6063 227
6064 245
6065 219
6066 246
6067 259
6068 228
6069 234
6070 238
6071 273
6072 226
6073 233
6074 256
6075 223
6076 243
6077 260
6078 253
6079 269
6080 290
6081 249
6082 243
6083 209
6084 263
6085 236
6086 235
6087 247
6088 240
6089 235
6090 222
6091 252
6092 231
6093 225
6094 230
6095 255
6096 251
6097 222
6098 244
6099 243
6100 244
6101 241
6102 249
6103 241
6104 262
6105 229
6106 241
6107 240
6108 249
6109 251
6110 228
6111 220
6112 245
6113 216
6114 264
6115 245
6116 235
6117 256
6118 237
6119 222
6120 262
6121 235
6122 241
6123 226
6124 227
6125 257
6126 224
6127 244
6128 230
6129 268
6130 236
6131 257
6132 223
6133 262
6134 234
6135 244
6136 253
6137 236
6138 246
6139 214
6140 213
6141 237
6142 213
6143 246
6144 247
6145 210
6146 229
6147 243
6148 268
6149 271
6150 227
6151 225
6152 237
6153 234
6154 232
6155 238
6156 225
6157 246
6158 249
6159 225
6160 260
6161 249
6162 226
6163 268
6164 268
6165 246
6166 249
6167 247
6168 256
6169 239
6170 259
6171 228
6172 227
6173 239
6174 197
6175 218
6176 271
6177 241
6178 242
6179 237
6180 221
6181 214
6182 240
6183 217
6184 215
6185 247
6186 223
6187 257
6188 214
6189 232
6190 239
6191 246
6192 236
6193 258
6194 259
6195 256
6196 245
6197 205
6198 254
6199 225
6200 259
6201 213
6202 254
6203 259
6204 216
6205 245
6206 214
6207 254
6208 235
6209 230
6210 245
6211 234
6212 204
6213 204
6214 229
6215 236
6216 247
6217 218
6218 220
6219 221
6220 215
6221 247
6222 223
6223 230
6224 204
6225 233
6226 243
6227 221
6228 225
6229 228
6230 217
6231 228
6232 255
6233 219
6234 224
6235 226
6236 252
6237 212
6238 228
6239 223
6240 220
6241 243
6242 215
6243 232
6244 251
6245 258
6246 234
6247 247
6248 241
6249 250
6250 224
6251 217
6252 224
6253 214
6254 216
6255 230
6256 258
6257 241
6258 218
6259 244
6260 228
6261 221
6262 215
6263 215
6264 222
6265 204
6266 231
6267 255
6268 229
6269 239
6270 250
6271 217
6272 233
6273 213
6274 235
6275 213
6276 229
6277 269
6278 241
6279 224
6280 224
6281 224
6282 217
6283 216
6284 254
6285 231
6286 256
6287 247
6288 213
6289 243
6290 233
6291 222
6292 266
6293 225
6294 228
6295 233
6296 212
6297 243
6298 229
6299 253
6300 209
6301 245
6302 237
6303 226
6304 236
6305 211
6306 231
6307 209
6308 267
6309 209
6310 255
6311 220
6312 223
6313 226
6314 247
6315 263
6316 205
6317 223
6318 255
6319 242
6320 235
6321 231
6322 228
6323 218
6324 214
6325 229
6326 237
6327 240
6328 221
6329 221
6330 240
6331 256
6332 216
6333 221
6334 226
6335 224
6336 205
6337 215
6338 243
6339 231
6340 233
6341 218
6342 221
6343 255
6344 229
6345 236
6346 227
6347 213
6348 235
6349 238
6350 224
6351 267
6352 226
6353 203
6354 221
6355 228
6356 221
6357 204
6358 218
6359 232
6360 239
6361 206
6362 239
6363 225
6364 237
6365 232
6366 231
6367 244
6368 202
6369 231
6370 231
6371 230
6372 192
6373 253
6374 232
6375 246
6376 207
6377 210
6378 204
6379 198
6380 241
6381 246
6382 233
6383 203
6384 238
6385 206
6386 254
6387 228
6388 245
6389 234
6390 210
6391 250
6392 230
6393 237
6394 219
6395 208
6396 227
6397 257
6398 212
6399 219
6400 226
6401 237
6402 236
6403 243
6404 225
6405 227
6406 220
6407 213
6408 245
6409 212
6410 219
6411 243
6412 215
6413 223
6414 225
6415 240
6416 225
6417 224
6418 239
6419 216
6420 230
6421 218
6422 228
6423 240
6424 206
6425 219
6426 210
6427 210
6428 239
6429 234
6430 233
6431 229
6432 224
6433 216
6434 222
6435 238
6436 212
6437 231
6438 228
6439 207
6440 195
6441 228
6442 229
6443 223
6444 209
6445 233
6446 248
6447 223
6448 217
6449 217
6450 210
6451 214
6452 236
6453 206
6454 246
6455 209
6456 205
6457 225
6458 250
6459 209
6460 223
6461 240
6462 239
6463 196
6464 206
6465 218
6466 237
6467 225
6468 229
6469 222
6470 208
6471 208
6472 194
6473 223
6474 215
6475 216
6476 227
6477 197
6478 209
6479 215
6480 244
6481 216
6482 256
6483 210
6484 229
6485 235
6486 248
6487 255
6488 219
6489 207
6490 230
6491 218
6492 210
6493 232
6494 241
6495 223
6496 219
6497 235
6498 207
6499 232
6500 222
6501 215
6502 220
6503 212
6504 224
6505 227
6506 220
6507 222
6508 246
6509 239
6510 213
6511 207
6512 228
6513 232
6514 207
6515 218
6516 230
6517 207
6518 203
6519 219
6520 233
6521 230
6522 231
6523 220
6524 210
6525 237
6526 227
6527 201
6528 214
6529 202
6530 199
6531 219
6532 223
6533 208
6534 210
6535 223
6536 223
6537 184
6538 229
6539 233
6540 221
6541 219
6542 217
6543 217
6544 244
6545 210
6546 245
6547 197
6548 218
6549 229
6550 201
6551 231
6552 215
6553 248
6554 241
6555 245
6556 234
6557 229
6558 219
6559 253
6560 218
6561 229
6562 237
6563 205
6564 245
6565 221
6566 199
6567 247
6568 212
6569 227
6570 209
6571 232
6572 234
6573 229
6574 221
6575 199
6576 233
6577 225
6578 200
6579 256
6580 211
6581 185
6582 211
6583 211
6584 229
6585 200
6586 199
6587 249
6588 207
6589 215
6590 237
6591 236
6592 236
6593 239
6594 179
6595 215
6596 216
6597 212
6598 227
6599 213
6600 202
6601 215
6602 213
6603 256
6604 229
6605 221
6606 204
6607 204
6608 208
6609 213
6610 212
6611 205
6612 229
6613 200
6614 218
6615 212
6616 230
6617 234
6618 212
6619 235
6620 248
6621 204
6622 244
6623 197
6624 200
6625 225
6626 215
6627 193
6628 227
6629 190
6630 218
6631 227
6632 224
6633 209
6634 240
6635 240
6636 215
6637 205
6638 224
6639 210
6640 232
6641 227
6642 187
6643 201
6644 206
6645 232
6646 237
6647 199
6648 221
6649 215
6650 216
6651 211
6652 205
6653 223
6654 235
6655 187
6656 230
6657 229
6658 227
6659 234
6660 221
6661 188
6662 205
6663 211
6664 237
6665 197
6666 209
6667 205
6668 224
6669 221
6670 249
6671 246
6672 214
6673 206
6674 219
6675 196
6676 210
6677 243
6678 244
6679 236
6680 236
6681 198
6682 195
6683 185
6684 187
6685 208
6686 255
6687 212
6688 237
6689 231
6690 216
6691 239
6692 199
6693 207
6694 191
6695 236
6696 230
6697 212
6698 215
6699 222
6700 194
6701 195
6702 184
6703 192
6704 208
6705 207
6706 209
6707 179
6708 218
6709 189
6710 201
6711 199
6712 207
6713 216
6714 220
6715 213
6716 194
6717 218
6718 244
6719 224
6720 201
6721 225
6722 193
6723 227
6724 186
6725 199
6726 201
6727 209
6728 225
6729 193
6730 214
6731 208
6732 217
6733 192
6734 200
6735 218
6736 250
6737 213
6738 231
6739 227
6740 198
6741 221
6742 220
6743 249
6744 189
6745 207
6746 205
6747 230
6748 216
6749 236
6750 195
6751 214
6752 226
6753 196
6754 193
6755 221
6756 208
6757 225
6758 212
6759 230
6760 199
6761 194
6762 206
6763 187
6764 226
6765 195
6766 226
6767 195
6768 240
6769 219
6770 206
6771 200
6772 211
6773 216
6774 215
6775 221
6776 205
6777 218
6778 193
6779 230
6780 229
6781 220
6782 222
6783 168
6784 199
6785 222
6786 212
6787 205
6788 178
6789 218
6790 187
6791 226
6792 237
6793 220
6794 205
6795 201
6796 207
6797 203
6798 197
6799 204
6800 204
6801 201
6802 220
6803 227
6804 218
6805 214
6806 189
6807 197
6808 225
6809 204
6810 214
6811 203
6812 218
6813 224
6814 197
6815 184
6816 220
6817 223
6818 225
6819 201
6820 197
6821 228
6822 207
6823 205
6824 203
6825 213
6826 193
6827 218
6828 205
6829 187
6830 210
6831 217
6832 210
6833 217
6834 207
6835 211
6836 194
6837 194
6838 197
6839 189
6840 215
6841 198
6842 233
6843 219
6844 198
6845 214
6846 233
6847 234
6848 205
6849 216
6850 217
6851 206
6852 227
6853 207
6854 212
6855 216
6856 189
6857 208
6858 223
6859 211
6860 223
6861 212
6862 199
6863 213
6864 202
6865 200
6866 219
6867 200
6868 246
6869 207
6870 208
6871 207
6872 226
6873 223
6874 220
6875 216
6876 217
6877 221
6878 187
6879 232
6880 208
6881 216
6882 213
6883 201
6884 225
6885 205
6886 201
6887 203
6888 203
6889 204
6890 201
6891 189
6892 195
6893 218
6894 220
6895 227
6896 199
6897 213
6898 213
6899 212
6900 215
6901 213
6902 222
6903 193
6904 179
6905 205
6906 210
6907 186
6908 229
6909 217
6910 221
6911 211
6912 220
6913 228
6914 214
6915 211
6916 206
6917 198
6918 192
6919 218
6920 191
6921 223
6922 194
6923 225
6924 184
6925 216
6926 214
6927 228
6928 201
6929 195
6930 203
6931 173
6932 198
6933 195
6934 217
6935 211
6936 212
6937 228
6938 194
6939 190
6940 191
6941 201
6942 214
6943 208
6944 208
6945 220
6946 206
6947 217
6948 222
6949 231
6950 214
6951 226
6952 194
6953 201
6954 203
6955 216
6956 226
6957 214
6958 230
6959 195
6960 220
6961 190
6962 192
6963 201
6964 189
6965 195
6966 212
6967 216
6968 204
6969 206
6970 198
6971 206
6972 236
6973 204
6974 211
6975 198
6976 216
6977 189
6978 176
6979 217
6980 204
6981 204
6982 215
6983 207
6984 231
6985 202
6986 217
6987 202
6988 212
6989 231
6990 194
6991 203
6992 223
6993 204
6994 188
6995 220
6996 239
6997 212
6998 213
6999 236
7000 196
7001 225
7002 229
7003 193
7004 191
7005 184
7006 178
7007 184
7008 218
7009 225
7010 210
7011 220
7012 227
7013 183
7014 201
7015 201
7016 214
7017 171
7018 227
7019 192
7020 206
7021 193
7022 209
7023 208
7024 187
7025 212
7026 203
7027 172
7028 195
7029 194
7030 185
7031 200
7032 196
7033 201
7034 213
7035 209
7036 215
7037 203
7038 205
7039 190
7040 195
7041 207
7042 218
7043 186
7044 218
7045 216
7046 232
7047 208
7048 185
7049 218
7050 196
7051 197
7052 212
7053 186
7054 205
7055 201
7056 194
7057 233
7058 196
7059 220
7060 192
7061 215
7062 201
7063 199
7064 186
7065 211
7066 206
7067 180
7068 175
7069 208
7070 189
7071 198
7072 199
7073 200
7074 207
7075 198
7076 213
7077 197
7078 198
7079 195
7080 211
7081 203
7082 198
7083 180
7084 191
7085 235
7086 204
7087 204
7088 217
7089 178
7090 213
7091 220
7092 190
7093 194
7094 203
7095 197
7096 220
7097 173
7098 190
7099 215
7100 188
7101 180
7102 196
7103 168
7104 211
7105 213
7106 201
7107 208
7108 194
7109 199
7110 193
7111 205
7112 197
7113 186
7114 191
7115 205
7116 221
7117 188
7118 194
7119 206
7120 182
7121 201
7122 174
7123 220
7124 215
7125 215
7126 192
7127 203
7128 194
7129 197
7130 192
7131 188
7132 199
7133 207
7134 193
7135 198
7136 222
7137 175
7138 212
7139 198
7140 201
7141 198
7142 189
7143 177
7144 216
7145 183
7146 176
7147 203
7148 172
7149 207
7150 201
7151 226
7152 175
7153 217
7154 202
7155 200
7156 183
7157 203
7158 206
7159 208
7160 189
7161 191
7162 203
7163 180
7164 181
7165 182
7166 190
7167 195
7168 207
7169 187
7170 201
7171 195
7172 193
7173 202
7174 203
7175 205
7176 203
7177 178
7178 194
7179 208
7180 179
7181 196
7182 219
7183 188
7184 206
7185 177
7186 184
7187 197
7188 193
7189 222
7190 224
7191 211
7192 216
7193 209
7194 184
7195 232
7196 199
7197 205
7198 186
7199 184
7200 198
7201 182
7202 180
7203 203
7204 184
7205 196
7206 196
7207 194
7208 220
7209 204
7210 204
7211 221
7212 165
7213 190
7214 193
7215 195
7216 211
7217 196
7218 159
7219 192
7220 192
7221 212
7222 193
7223 178
7224 180
7225 182
7226 194
7227 195
7228 185
7229 183
7230 204
7231 197
7232 178
7233 181
7234 197
7235 213
7236 178
7237 192
7238 206
7239 190
7240 199
7241 187
7242 209
7243 183
7244 185
7245 209
7246 213
7247 209
7248 174
7249 224
7250 193
7251 203
7252 189
7253 178
7254 194
7255 238
7256 211
7257 205
7258 189
7259 195
7260 205
7261 182
7262 181
7263 215
7264 183
7265 195
7266 188
7267 190
7268 191
7269 194
7270 195
7271 176
7272 211
7273 186
7274 207
7275 195
7276 206
7277 193
7278 195
7279 207
7280 205
7281 208
7282 185
7283 210
7284 189
7285 164
7286 200
7287 167
7288 216
7289 200
7290 202
7291 186
7292 201
7293 170
7294 191
7295 231
7296 181
7297 201
7298 183
7299 178
7300 207
7301 196
7302 192
7303 184
7304 184
7305 188
7306 178
7307 206
7308 220
7309 172
7310 197
7311 201
7312 198
7313 183
7314 181
7315 198
7316 216
7317 158
7318 187
7319 211
7320 202
7321 207
7322 217
7323 184
7324 186
7325 215
7326 205
7327 181
7328 185
7329 191
7330 210
7331 202
7332 210
7333 204
7334 175
7335 182
7336 186
7337 199
7338 204
7339 186
7340 199
7341 204
7342 173
7343 187
7344 195
7345 199
7346 190
7347 180
7348 198
7349 189
7350 192
7351 183
7352 186
7353 194
7354 174
7355 197
7356 195
7357 195
7358 209
7359 197
7360 173
7361 184
7362 219
7363 195
7364 199
7365 202
7366 197
7367 169
7368 185
7369 213
7370 194
7371 176
7372 178
7373 169
7374 163
7375 169
7376 175
7377 192
7378 196
7379 198
7380 171
7381 201
7382 203
7383 196
7384 207
7385 201
7386 207
7387 206
7388 192
7389 181
7390 175
7391 169
7392 185
7393 224
7394 215
7395 188
7396 178
7397 197
7398 191
7399 197
7400 207
7401 175
7402 174
7403 179
7404 213
7405 170
7406 207
7407 196
7408 185
7409 169
7410 194
7411 188
7412 200
7413 186
7414 186
7415 188
7416 202
7417 164
7418 185
7419 191
7420 177
7421 158
7422 172
7423 207
7424 163
7425 196
7426 186
7427 220
7428 213
7429 166
7430 175
7431 196
7432 195
7433 184
7434 180
7435 190
7436 200
7437 180
7438 185
7439 166
7440 222
7441 190
7442 196
7443 156
7444 196
7445 197
7446 194
7447 188
7448 181
7449 176
7450 183
7451 179
7452 197
7453 202
7454 161
7455 193
7456 184
7457 195
7458 184
7459 206
7460 192
7461 201
7462 191
7463 179
7464 181
7465 174
7466 186
7467 181
7468 182
7469 170
7470 193
7471 175
7472 198
7473 193
7474 171
7475 175
7476 160
7477 173
7478 172
7479 172
7480 183
7481 179
7482 171
7483 182
7484 173
7485 191
7486 199
7487 190
7488 193
7489 192
7490 188
7491 185
7492 199
7493 178
7494 175
7495 182
7496 176
7497 164
7498 189
7499 170
7500 198
7501 175
7502 195
7503 184
7504 166
7505 175
7506 202
7507 184
7508 181
7509 200
7510 233
7511 175
7512 175
7513 190
7514 178
7515 206
7516 205
7517 190
7518 218
7519 203
7520 146
7521 191
7522 186
7523 180
7524 185
7525 180
7526 185
7527 180
7528 184
7529 202
7530 203
7531 181
7532 194
7533 202
7534 191
7535 189
7536 172
7537 186
7538 158
7539 183
7540 174
7541 182
7542 197
7543 187
7544 166
7545 167
7546 187
7547 175
7548 202
7549 192
7550 171
7551 190
7552 174
7553 157
7554 194
7555 187
7556 194
7557 185
7558 170
7559 181
7560 201
7561 202
7562 171
7563 172
7564 176
7565 193
7566 192
7567 192
7568 178
7569 191
7570 178
7571 171
7572 199
7573 169
7574 176
7575 176
7576 173
7577 204
7578 188
7579 191
7580 173
7581 197
7582 196
7583 190
7584 183
7585 186
7586 174
7587 198
7588 175
7589 194
7590 210
7591 158
7592 196
7593 183
7594 204
7595 188
7596 165
7597 188
7598 199
7599 171
7600 179
7601 190
7602 170
7603 170
7604 177
7605 174
7606 178
7607 177
7608 176
7609 194
7610 186
7611 205
7612 185
7613 193
7614 170
7615 174
7616 188
7617 182
7618 194
7619 188
7620 195
7621 200
7622 165
7623 196
7624 176
7625 193
7626 169
7627 164
7628 204
7629 177
7630 206
7631 178
7632 177
7633 189
7634 179
7635 165
7636 179
7637 187
7638 185
7639 177
7640 173
7641 176
7642 194
7643 193
7644 194
7645 171
7646 168
7647 195
7648 188
7649 197
7650 177
7651 180
7652 162
7653 178
7654 180
7655 179
7656 168
7657 163
7658 181
7659 173
7660 171
7661 196
7662 164
7663 170
7664 202
7665 205
7666 191
7667 172
7668 176
7669 195
7670 174
7671 185
7672 158
7673 198
7674 172
7675 188
7676 187
7677 150
7678 188
7679 171
7680 171
7681 173
7682 192
7683 175
7684 178
7685 201
7686 182
7687 185
7688 191
7689 189
7690 164
7691 159
7692 196
7693 181
7694 181
7695 179
7696 184
7697 161
7698 217
7699 191
7700 200
7701 184
7702 190
7703 205
7704 180
7705 194
7706 183
7707 179
7708 187
7709 193
7710 175
7711 158
7712 178
7713 149
7714 177
7715 158
7716 185
7717 155
7718 150
7719 184
7720 178
7721 168
7722 182
7723 172
7724 182
7725 192
7726 169
7727 179
7728 202
7729 171
7730 159
7731 175
7732 178
7733 183
7734 177
7735 202
7736 182
7737 179
7738 166
7739 190
7740 181
7741 157
7742 188
7743 172
7744 176
7745 183
7746 197
7747 196
7748 161
7749 165
7750 172
7751 185
7752 178
7753 176
7754 169
7755 183
7756 177
7757 191
7758 166
7759 167
7760 175
7761 170
7762 174
7763 183
7764 190
7765 176
7766 171
7767 157
7768 189
7769 186
7770 189
7771 156
7772 190
7773 187
7774 187
7775 192
7776 196
7777 194
7778 174
7779 183
7780 163
7781 164
7782 145
7783 156
7784 181
7785 176
7786 180
7787 161
7788 166
7789 174
7790 172
7791 186
7792 176
7793 179
7794 176
7795 153
7796 178
7797 173
7798 164
7799 199
7800 175
7801 171
7802 175
7803 169
7804 165
7805 191
7806 177
7807 177
7808 177
7809 169
7810 165
7811 194
7812 194
7813 188
7814 176
7815 161
7816 185
7817 190
7818 173
7819 207
7820 181
7821 201
7822 194
7823 183
7824 168
7825 174
7826 193
7827 177
7828 171
7829 176
7830 201
7831 177
7832 186
7833 183
7834 190
7835 160
7836 192
7837 164
7838 152
7839 171
7840 191
7841 163
7842 177
7843 172
7844 178
7845 163
7846 169
7847 166
7848 183
7849 172
7850 157
7851 195
7852 184
7853 166
7854 199
7855 191
7856 173
7857 182
7858 174
7859 155
7860 202
7861 191
7862 186
7863 189
7864 190
7865 183
7866 189
7867 190
7868 169
7869 175
7870 193
7871 181
7872 163
7873 160
7874 163
7875 146
7876 169
7877 168
7878 176
7879 193
7880 201
7881 190
7882 179
7883 170
7884 169
7885 180
7886 180
7887 191
7888 169
7889 165
7890 178
7891 170
7892 191
7893 167
7894 151
7895 179
7896 163
7897 167
7898 168
7899 167
7900 167
7901 157
7902 178
7903 180
7904 181
7905 158
7906 179
7907 198
7908 159
7909 189
7910 201
7911 171
7912 195
7913 184
7914 160
7915 169
7916 177
7917 152
7918 195
7919 166
7920 186
7921 187
7922 151
7923 171
7924 175
7925 176
7926 168
7927 175
7928 174
7929 174
7930 157
7931 172
7932 157
7933 174
7934 172
7935 178
7936 178
7937 170
7938 185
7939 149
7940 195
7941 171
7942 190
7943 178
7944 184
7945 149
7946 164
7947 151
7948 187
7949 156
7950 144
7951 187
7952 154
7953 181
7954 149
7955 192
7956 157
7957 185
7958 166
7959 187
7960 161
7961 186
7962 169
7963 191
7964 158
7965 171
7966 170
7967 177
7968 162
7969 183
7970 182
7971 190
7972 164
7973 174
7974 164
7975 185
7976 182
7977 182
7978 175
7979 144
7980 164
7981 191
7982 182
7983 185
7984 157
7985 158
7986 179
7987 173
7988 149
7989 173
7990 166
7991 146
7992 185
7993 182
7994 177
7995 167
7996 173
7997 181
7998 168
7999 161
8000 167
8001 170
8002 138
8003 170
8004 154
8005 170
8006 177
8007 202
8008 179
8009 189
8010 166
8011 154
8012 195
8013 178
8014 171
8015 191
8016 192
8017 178
8018 197
8019 169
8020 162
8021 163
8022 183
8023 168
8024 187
8025 161
8026 174
8027 165
8028 142
8029 177
8030 150
8031 163
8032 163
8033 179
8034 164
8035 176
8036 185
8037 175
8038 169
8039 168
8040 165
8041 183
8042 180
8043 177
8044 139
8045 156
8046 176
8047 171
8048 186
8049 157
8050 200
8051 158
8052 189
8053 170
8054 169
8055 156
8056 149
8057 154
8058 171
8059 177
8060 167
8061 181
8062 158
8063 195
8064 155
8065 180
8066 181
8067 181
8068 175
8069 177
8070 167
8071 157
8072 143
8073 164
8074 166
8075 172
8076 169
8077 168
8078 149
8079 157
8080 154
8081 182
8082 175
8083 170
8084 184
8085 166
8086 157
8087 171
8088 176
8089 165
8090 168
8091 167
8092 155
8093 183
8094 187
8095 169
8096 171
8097 156
8098 172
8099 169
8100 165
8101 174
8102 182
8103 185
8104 169
8105 172
8106 177
8107 170
8108 179
8109 158
8110 172
8111 182
8112 135
8113 161
8114 140
8115 167
8116 163
8117 178
8118 168
8119 159
8120 193
8121 168
8122 150
8123 145
8124 168
8125 159
8126 177
8127 178
8128 154
8129 179
8130 177
8131 160
8132 191
8133 188
8134 147
8135 145
8136 185
8137 159
8138 182
8139 168
8140 172
8141 176
8142 167
8143 140
8144 190
8145 181
8146 165
8147 172
8148 174
8149 167
8150 152
8151 178
8152 183
8153 168
8154 145
8155 192
8156 172
8157 175
8158 167
8159 188
8160 153
8161 160
8162 194
8163 206
8164 159
8165 141
8166 161
8167 150
8168 158
8169 171
8170 171
8171 146
8172 183
8173 200
8174 162
8175 165
8176 167
8177 168
8178 195
8179 167
8180 167
8181 139
8182 170
8183 178
8184 158
8185 161
8186 161
8187 169
8188 171
8189 150
8190 164
8191 202
8192 169
8193 173
8194 150
8195 145
8196 195
8197 181
8198 161
8199 157
8200 155
8201 148
8202 129
8203 147
8204 162
8205 182
8206 159
8207 165
8208 163
8209 189
8210 172
8211 193
8212 167
8213 174
8214 176
8215 156
8216 156
8217 152
8218 157
8219 163
8220 188
8221 170
8222 153
8223 151
8224 171
8225 170
8226 165
8227 174
8228 163
8229 160
8230 164
8231 150
8232 175
8233 181
8234 160
8235 167
8236 166
8237 161
8238 181
8239 170
8240 174
8241 146
8242 140
8243 172
8244 175
8245 145
8246 156
8247 149
8248 167
8249 181
8250 168
8251 166
8252 155
8253 173
8254 168
8255 166
8256 174
8257 153
8258 147
8259 157
8260 156
8261 155
8262 195
8263 161
8264 163
8265 158
8266 162
8267 173
8268 168
8269 180
8270 138
8271 145
8272 149
8273 174
8274 167
8275 159
8276 175
8277 173
8278 172
8279 186
8280 168
8281 156
8282 152
8283 156
8284 163
8285 173
8286 161
8287 165
8288 182
8289 160
8290 182
8291 179
8292 172
8293 177
8294 180
8295 178
8296 176
8297 175
8298 167
8299 160
8300 192
8301 167
8302 150
8303 164
8304 147
8305 142
8306 162
8307 158
8308 181
8309 156
8310 166
8311 153
8312 170
8313 171
8314 152
8315 176
8316 174
8317 158
8318 165
8319 147
8320 158
8321 179
8322 159
8323 168
8324 167
8325 183
8326 162
8327 147
8328 179
8329 145
8330 149
8331 193
8332 147
8333 146
8334 162
8335 177
8336 142
8337 167
8338 173
8339 178
8340 176
8341 145
8342 170
8343 168
8344 165
8345 166
8346 145
8347 169
8348 153
8349 142
8350 154
8351 167
8352 144
8353 181
8354 164
8355 146
8356 160
8357 163
8358 147
8359 169
8360 171
8361 157
8362 155
8363 153
8364 159
8365 168
8366 150
8367 144
8368 159
8369 156
8370 142
8371 138
8372 145
8373 165
8374 174
8375 166
8376 146
8377 182
8378 159
8379 182
8380 179
8381 141
8382 177
8383 151
8384 180
8385 139
8386 163
8387 171
8388 148
8389 142
8390 147
8391 161
8392 160
8393 141
8394 170
8395 154
8396 171
8397 156
8398 159
8399 164
8400 155
8401 154
8402 156
8403 166
8404 154
8405 153
8406 155
8407 155
8408 152
8409 161
8410 147
8411 181
8412 162
8413 169
8414 158
8415 169
8416 151
8417 163
8418 175
8419 163
8420 150
8421 152
8422 165
8423 176
8424 160
8425 180
8426 151
8427 173
8428 148
8429 153
8430 144
8431 166
8432 176
8433 166
8434 164
8435 150
8436 147
8437 150
8438 151
8439 154
8440 181
8441 135
8442 156
8443 151
8444 195
8445 157
8446 173
8447 148
8448 167
8449 139
8450 166
8451 154
8452 189
8453 179
8454 153
8455 165
8456 156
8457 147
8458 164
8459 163
8460 164
8461 153
8462 166
8463 142
8464 171
8465 160
8466 150
8467 136
8468 160
8469 167
8470 161
8471 160
8472 170
8473 135
8474 138
8475 158
8476 176
8477 162
8478 172
8479 175
8480 166
8481 187
8482 165
8483 158
8484 132
8485 178
8486 153
8487 162
8488 159
8489 192
8490 187
8491 158
8492 165
8493 145
8494 157
8495 159
8496 164
8497 146
8498 156
8499 162
8500 171
8501 168
8502 148
8503 145
8504 150
8505 164
8506 159
8507 150
8508 140
8509 154
8510 148
8511 159
8512 171
8513 150
8514 145
8515 157
8516 159
8517 158
8518 161
8519 167
8520 149
8521 161
8522 146
8523 177
8524 147
8525 146
8526 145
8527 180
8528 152
8529 148
8530 163
8531 159
8532 161
8533 177
8534 153
8535 172
8536 152
8537 152
8538 151
8539 144
8540 168
8541 157
8542 154
8543 173
8544 168
8545 167
8546 181
8547 145
8548 155
8549 170
8550 157
8551 144
8552 166
8553 156
8554 148
8555 143
8556 163
8557 142
8558 143
8559 186
8560 156
8561 154
8562 162
8563 171
8564 151
8565 144
8566 166
8567 129
8568 149
8569 155
8570 163
8571 147
8572 165
8573 166
8574 154
8575 148
8576 151
8577 169
8578 148
8579 143
8580 134
8581 152
8582 169
8583 157
8584 140
8585 156
8586 171
8587 159
8588 163
8589 143
8590 160
8591 148
8592 160
8593 156
8594 157
8595 155
8596 150
8597 134
8598 160
8599 157
8600 178
8601 152
8602 161
8603 139
8604 147
8605 155
8606 146
8607 154
8608 168
8609 169
8610 141
8611 127
8612 156
8613 153
8614 159
8615 156
8616 166
8617 129
8618 170
8619 154
8620 164
8621 146
8622 144
8623 166
8624 156
8625 150
8626 149
8627 140
8628 170
8629 168
8630 164
8631 161
8632 142
8633 158
8634 161
8635 162
8636 147
8637 161
8638 147
8639 129
8640 174
8641 149
8642 150
8643 172
8644 152
8645 164
8646 121
8647 154
8648 179
8649 146
8650 148
8651 127
8652 142
8653 147
8654 182
8655 156
8656 140
8657 143
8658 159
8659 146
8660 151
8661 146
8662 150
8663 157
8664 137
8665 143
8666 134
8667 151
8668 161
8669 173
8670 156
8671 164
8672 155
8673 162
8674 139
8675 160
8676 172
8677 145
8678 173
8679 165
8680 149
8681 158
8682 165
8683 178
8684 152
8685 146
8686 143
8687 157
8688 151
8689 144
8690 151
8691 152
8692 163
8693 164
8694 168
8695 157
8696 148
8697 173
8698 162
8699 163
8700 157
8701 129
8702 147
8703 143
8704 160
8705 154
8706 143
8707 153
8708 141
8709 138
8710 149
8711 153
8712 135
8713 166
8714 149
8715 124
8716 140
8717 171
8718 161
8719 162
8720 144
8721 143
8722 139
8723 136
8724 141
8725 138
8726 176
8727 127
8728 170
8729 160
8730 139
8731 139
8732 143
8733 145
8734 142
8735 162
8736 181
8737 162
8738 155
8739 138
8740 157
8741 159
8742 112
8743 144
8744 140
8745 146
8746 153
8747 174
8748 134
8749 147
8750 161
8751 149
8752 154
8753 167
8754 149
8755 135
8756 156
8757 153
8758 157
8759 159
8760 156
8761 148
8762 146
8763 158
8764 155
8765 166
8766 142
8767 156
8768 131
8769 133
8770 154
8771 141
8772 159
8773 159
8774 133
8775 162
8776 140
8777 141
8778 143
8779 169
8780 148
8781 139
8782 161
8783 146
8784 137
8785 151
8786 147
8787 164
8788 156
8789 133
8790 153
8791 155
8792 165
8793 160
8794 147
8795 168
8796 135
8797 144
8798 158
8799 160
8800 144
8801 142
8802 138
8803 140
8804 156
8805 174
8806 139
8807 137
8808 157
8809 145
8810 132
8811 137
8812 156
8813 156
8814 158
8815 144
8816 142
8817 187
8818 150
8819 123
8820 157
8821 155
8822 164
8823 127
8824 155
8825 160
8826 145
8827 138
8828 144
8829 159
8830 158
8831 152
8832 153
8833 127
8834 148
8835 139
8836 131
8837 156
8838 140
8839 134
8840 143
8841 167
8842 152
8843 155
8844 120
8845 168
8846 144
8847 165
8848 153
8849 140
8850 177
8851 171
8852 142
8853 170
8854 144
8855 169
8856 151
8857 158
8858 154
8859 132
8860 140
8861 139
8862 127
8863 122
8864 164
8865 140
8866 148
8867 159
8868 144
8869 147
8870 152
8871 139
8872 129
8873 144
8874 154
8875 165
8876 136
8877 144
8878 154
8879 173
8880 149
8881 164
8882 166
8883 142
8884 154
8885 162
8886 149
8887 141
8888 154
8889 131
8890 163
8891 154
8892 142
8893 148
8894 141
8895 147
8896 134
8897 131
8898 151
8899 147
8900 141
8901 126
8902 160
8903 142
8904 162
8905 151
8906 148
8907 168
8908 169
8909 125
8910 137
8911 136
8912 144
8913 141
8914 162
8915 140
8916 161
8917 137
8918 153
8919 158
8920 132
8921 141
8922 155
8923 142
8924 145
8925 141
8926 168
8927 142
8928 144
8929 133
8930 148
8931 150
8932 138
8933 166
8934 145
8935 136
8936 146
8937 152
8938 143
8939 143
8940 139
8941 144
8942 131
8943 125
8944 138
8945 147
8946 139
8947 169
8948 141
8949 150
8950 139
8951 134
8952 152
8953 130
8954 170
8955 143
8956 126
8957 158
8958 149
8959 168
8960 173
8961 141
8962 150
8963 151
8964 135
8965 128
8966 148
8967 149
8968 155
8969 149
8970 147
8971 140
8972 151
8973 143
8974 152
8975 150
8976 147
8977 151
8978 138
8979 142
8980 166
8981 146
8982 148
8983 155
8984 142
8985 153
8986 169
8987 138
8988 172
8989 139
8990 158
8991 177
8992 132
8993 155
8994 134
8995 144
8996 170
8997 160
8998 129
8999 143
9000 109
9001 138
9002 161
9003 144
9004 155
9005 140
9006 140
9007 126
9008 142
9009 155
9010 117
9011 160
9012 155
9013 139
9014 146
9015 162
9016 156
9017 140
9018 126
9019 164
9020 148
9021 153
9022 153
9023 136
9024 133
9025 153
9026 143
9027 142
9028 140
9029 120
9030 172
9031 156
9032 156
9033 141
9034 142
9035 155
9036 145
9037 146
9038 138
9039 138
9040 153
9041 140
9042 143
9043 142
9044 136
9045 145
9046 136
9047 134
9048 141
9049 152
9050 127
9051 139
9052 149
9053 121
9054 143
9055 147
9056 141
9057 134
9058 134
9059 159
9060 129
9061 129
9062 125
9063 134
9064 135
9065 163
9066 138
9067 142
9068 130
9069 119
9070 141
9071 149
9072 152
9073 148
9074 127
9075 139
9076 130
9077 149
9078 142
9079 148
9080 160
9081 139
9082 156
9083 157
9084 143
9085 174
9086 150
9087 147
9088 148
9089 149
9090 138
9091 134
9092 161
9093 151
9094 150
9095 136
9096 168
9097 144
9098 140
9099 149
9100 159
9101 146
9102 143
9103 135
9104 144
9105 137
9106 154
9107 144
9108 138
9109 148
9110 156
9111 156
9112 153
9113 170
9114 145
9115 142
9116 132
9117 159
9118 148
9119 141
9120 165
9121 148
9122 127
9123 127
9124 140
9125 139
9126 159
9127 140
9128 140
9129 125
9130 135
9131 139
9132 158
9133 145
9134 144
9135 146
9136 128
9137 136
9138 135
9139 124
9140 151
9141 145
9142 135
9143 139
9144 166
9145 143
9146 139
9147 159
9148 135
9149 142
9150 131
9151 154
9152 140
9153 137
9154 141
9155 145
9156 136
9157 137
9158 158
9159 153
9160 131
9161 132
9162 156
9163 144
9164 131
9165 138
9166 167
9167 161
9168 141
9169 154
9170 159
9171 152
9172 156
9173 143
9174 145
9175 149
9176 152
9177 169
9178 159
9179 140
9180 131
9181 157
9182 136
9183 128
9184 139
9185 128
9186 139
9187 151
9188 142
9189 136
9190 141
9191 156
9192 153
9193 132
9194 145
9195 133
9196 131
9197 136
9198 151
9199 134
9200 128
9201 144
9202 145
9203 136
9204 151
9205 140
9206 140
9207 129
9208 131
9209 142
9210 148
9211 147
9212 140
9213 133
9214 151
9215 156
9216 133
9217 132
9218 153
9219 153
9220 129
9221 158
9222 137
9223 141
9224 136
9225 129
9226 155
9227 147
9228 124
9229 135
9230 143
9231 144
9232 136
9233 148
9234 164
9235 150
9236 129
9237 156
9238 147
9239 135
9240 131
9241 131
9242 164
9243 159
9244 133
9245 155
9246 164
9247 121
9248 131
9249 136
9250 127
9251 140
9252 144
9253 146
9254 154
9255 133
9256 140
9257 137
9258 130
9259 139
9260 140
9261 153
9262 143
9263 114
9264 137
9265 115
9266 148
9267 148
9268 143
9269 135
9270 134
9271 117
9272 154
9273 125
9274 147
9275 145
9276 137
9277 144
9278 131
9279 153
9280 138
9281 142
9282 134
9283 135
9284 151
9285 136
9286 126
9287 130
9288 153
9289 133
9290 131
9291 137
9292 117
9293 126
9294 146
9295 126
9296 142
9297 149
9298 155
9299 119
9300 140
9301 152
9302 143
9303 148
9304 140
9305 154
9306 138
9307 137
9308 125
9309 173
9310 127
9311 118
9312 134
9313 153
9314 140
9315 144
9316 127
9317 124
9318 139
9319 131
9320 144
9321 123
9322 143
9323 125
9324 149
9325 144
9326 142
9327 126
9328 128
9329 139
9330 160
9331 154
9332 139
9333 143
9334 151
9335 147
9336 142
9337 136
9338 147
9339 120
9340 156
9341 128
9342 125
9343 152
9344 158
9345 128
9346 117
9347 141
9348 140
9349 160
9350 124
9351 135
9352 130
9353 137
9354 136
9355 137
9356 110
9357 140
9358 137
9359 126
9360 137
9361 139
9362 125
9363 133
9364 147
9365 139
9366 126
9367 127
9368 125
9369 144
9370 107
9371 162
9372 127
9373 152
9374 126
9375 124
9376 136
9377 135
9378 136
9379 140
9380 166
9381 125
9382 135
9383 144
9384 138
9385 125
9386 151
9387 137
9388 151
9389 131
9390 133
9391 155
9392 157
9393 134
9394 121
9395 157
9396 136
9397 127
9398 151
9399 142
9400 133
9401 154
9402 136
9403 147
9404 117
9405 136
9406 135
9407 129
9408 139
9409 151
9410 136
9411 135
9412 131
9413 131
9414 123
9415 137
9416 139
9417 133
9418 146
9419 133
9420 147
9421 147
9422 145
9423 147
9424 166
9425 151
9426 123
9427 134
9428 130
9429 130
9430 149
9431 124
9432 120
9433 161
9434 126
9435 139
9436 167
9437 139
9438 138
9439 128
9440 144
9441 121
9442 153
9443 144
9444 139
9445 142
9446 145
9447 125
9448 152
9449 134
9450 142
9451 137
9452 148
9453 129
9454 126
9455 152
9456 148
9457 120
9458 155
9459 160
9460 149
9461 142
9462 126
9463 137
9464 135
9465 129
9466 134
9467 149
9468 159
9469 131
9470 161
9471 131
9472 148
9473 146
9474 142
9475 166
9476 141
9477 129
9478 118
9479 134
9480 124
9481 138
9482 123
9483 133
9484 137
9485 140
9486 135
9487 148
9488 152
9489 148
9490 140
9491 125
9492 121
9493 117
9494 128
9495 136
9496 144
9497 148
9498 142
9499 149
9500 159
9501 128
9502 135
9503 143
9504 130
9505 146
9506 129
9507 124
9508 152
9509 135
9510 136
9511 143
9512 131
9513 150
9514 138
9515 120
9516 147
9517 126
9518 146
9519 112
9520 136
9521 140
9522 135
9523 147
9524 107
9525 172
9526 142
9527 136
9528 128
9529 155
9530 138
9531 122
9532 122
9533 130
9534 138
9535 139
9536 129
9537 111
9538 153
9539 127
9540 142
9541 120
9542 134
9543 136
9544 119
9545 134
9546 145
9547 124
9548 129
9549 131
9550 131
9551 122
9552 145
9553 143
9554 133
9555 135
9556 144
9557 127
9558 147
9559 134
9560 139
9561 128
9562 126
9563 141
9564 116
9565 128
9566 123
9567 126
9568 163
9569 135
9570 137
9571 155
9572 117
9573 126
9574 108
9575 145
9576 144
9577 131
9578 121
9579 144
9580 121
9581 153
9582 122
9583 133
9584 136
9585 156
9586 159
9587 123
9588 144
9589 131
9590 115
9591 124
9592 138
9593 154
9594 124
9595 124
9596 106
9597 133
9598 122
9599 116
9600 151
9601 149
9602 133
9603 135
9604 115
9605 135
9606 134
9607 128
9608 111
9609 134
9610 131
9611 114
9612 135
9613 121
9614 144
9615 134
9616 125
9617 143
9618 143
9619 111
9620 109
9621 122
9622 122
9623 129
9624 141
9625 148
9626 130
9627 149
9628 131
9629 149
9630 143
9631 161
9632 137
9633 130
9634 136
9635 119
9636 137
9637 107
9638 119
9639 138
9640 141
9641 148
9642 127
9643 123
9644 138
9645 129
9646 127
9647 125
9648 127
9649 130
9650 138
9651 131
9652 124
9653 124
9654 139
9655 133
9656 135
9657 110
9658 133
9659 114
9660 146
9661 131
9662 140
9663 152
9664 131
9665 130
9666 122
9667 134
9668 115
9669 130
9670 129
9671 130
9672 132
9673 127
9674 126
9675 147
9676 139
9677 143
9678 134
9679 118
9680 131
9681 138
9682 110
9683 109
9684 130
9685 139
9686 169
9687 127
9688 121
9689 131
9690 116
9691 147
9692 147
9693 114
9694 130
9695 136
9696 143
9697 117
9698 135
9699 121
9700 137
9701 153
9702 113
9703 129
9704 142
9705 120
9706 142
9707 153
9708 141
9709 117
9710 113
9711 123
9712 124
9713 112
9714 128
9715 145
9716 132
9717 141
9718 142
9719 135
9720 121
9721 135
9722 126
9723 136
9724 107
9725 99
9726 124
9727 120
9728 117
9729 130
9730 132
9731 108
9732 114
9733 137
9734 134
9735 135
9736 129
9737 143
9738 120
9739 110
9740 135
9741 127
9742 151
9743 111
9744 131
9745 125
9746 120
9747 119
9748 122
9749 121
9750 107
9751 124
9752 125
9753 123
9754 136
9755 120
9756 145
9757 111
9758 130
9759 119
9760 134
9761 138
9762 139
9763 119
9764 105
9765 115
9766 134
9767 133
9768 156
9769 129
9770 142
9771 129
9772 119
9773 111
9774 109
9775 159
9776 124
9777 94
9778 135
9779 121
9780 124
9781 126
9782 121
9783 121
9784 123
9785 117
9786 138
9787 131
9788 119
9789 149
9790 121
9791 136
9792 126
9793 134
9794 120
9795 133
9796 124
9797 146
9798 135
9799 146
9800 135
9801 121
9802 123
9803 130
9804 133
9805 122
9806 130
9807 148
9808 122
9809 120
9810 127
9811 139
9812 132
9813 132
9814 140
9815 132
9816 139
9817 159
9818 132
9819 123
9820 132
9821 125
9822 140
9823 124
9824 136
9825 149
9826 135
9827 124
9828 150
9829 116
9830 104
9831 132
9832 130
9833 119
9834 137
9835 160
9836 121
9837 131
9838 131
9839 108
9840 118
9841 128
9842 123
9843 115
9844 138
9845 125
9846 133
9847 133
9848 132
9849 134
9850 112
9851 146
9852 116
9853 126
9854 139
9855 141
9856 139
9857 120
9858 127
9859 130
9860 119
9861 112
9862 121
9863 122
9864 155
9865 121
9866 111
9867 115
9868 130
9869 140
9870 132
9871 115
9872 126
9873 144
9874 130
9875 117
9876 132
9877 120
9878 113
9879 127
9880 131
9881 149
9882 137
9883 139
9884 147
9885 140
9886 114
9887 128
9888 109
9889 117
9890 122
9891 117
9892 139
9893 148
9894 134
9895 114
9896 116
9897 129
9898 120
9899 119
9900 137
9901 121
9902 122
9903 130
9904 123
9905 131
9906 132
9907 137
9908 143
9909 120
9910 133
9911 130
9912 101
9913 111
9914 124
9915 129
9916 120
9917 120
9918 119
9919 121
9920 135
9921 115
9922 122
9923 124
9924 116
9925 131
9926 134
9927 135
9928 129
9929 126
9930 116
9931 126
9932 124
9933 108
9934 111
9935 146
9936 125
9937 126
9938 123
9939 123
9940 120
9941 101
9942 140
9943 126
9944 135
9945 134
9946 117
9947 130
9948 115
9949 136
9950 115
9951 114
9952 106
9953 116
9954 129
9955 128
9956 150
9957 111
9958 124
9959 139
9960 112
9961 136
9962 141
9963 136
9964 123
9965 123
9966 131
9967 104
9968 127
9969 139
9970 111
9971 113
9972 152
9973 118
9974 122
9975 127
9976 125
9977 103
9978 114
9979 132
9980 125
9981 141
9982 111
9983 122
9984 99
9985 108
9986 107
9987 129
9988 128
9989 136
9990 123
9991 105
9992 122
9993 150
9994 126
9995 120
9996 141
9997 141
9998 121
9999 1249355
